            2.2     -1.5270715     0.61969326      17.335532      753.58644
           2.21     -1.5246695     0.72817601      12.434237      174.61921
           2.22     -1.5134636     0.73018832      11.811254      132.10376
           2.23     -1.4970827     0.71955019      9.9719715      60.123316
           2.24     -1.4780163     0.68984157      10.695686      87.084525
           2.25     -1.4590911     0.64439225      12.439244       173.8724
           2.26     -1.4364518     0.58994065      14.511049      248.24221
           2.27     -1.4120072     0.51559129      13.976777      335.44343
           2.28     -1.3908598     0.45730404      14.244414       390.7868
           2.29     -1.3776517     0.46232513      12.136656      311.68477
            2.3     -1.3448793      0.3180348      10.371529      284.38903
           2.31     -1.3258558     0.24956911      9.7112687      252.53571
           2.32     -1.3165348     0.28619174      10.294694        281.646
           2.33     -1.2929905     0.17038499      8.5591677      150.94629
           2.34     -1.2841445     0.20434287      9.3322175      190.23104
           2.35     -1.2645175     0.16184154      8.1643601      125.96001
           2.36     -1.2510861     0.12511622      7.3476452      88.197953
           2.37     -1.2409962     0.13919435      7.4981377      92.046951
           2.38     -1.2274382     0.10863711      6.9701348      69.229901
           2.39      -1.215949       0.110082       6.879535      63.732543
            2.4     -1.2021009    0.092321272      6.4537997       47.12445
