              2       -1.74385       0.900765       3.928287      3.6691479
          2.005      -1.739872       0.899151      4.1867294      4.4906937
           2.01      -1.732036       0.899389      3.8161819      1.9281127
          2.015      -1.737392       0.904961      3.5200313      1.6947494
           2.02      -1.732372       0.903432      3.4065174      1.4099966
          2.025       -1.71721       0.876243      5.1796304       8.528072
           2.03      -1.715378       0.883364      4.5541668      5.2287614
          2.035      -1.712794       0.873313      5.0599094      9.1896156
           2.04      -1.716606        0.89201      4.2531123       2.587888
          2.045      -1.705538        0.88054      4.4271962      5.9923554
           2.05      -1.709036       0.892974      3.9277403      1.7778261
          2.055      -1.700754       0.883701      4.1321646       2.738071
           2.06       -1.69811       0.888247      4.0424352      1.6920688
          2.065      -1.692114       0.883466      4.3324124      1.7941587
           2.07        -1.6988       0.887281       4.133664      2.0125408
          2.075      -1.686452       0.881951      4.5012687      2.0058914
           2.08       -1.67472       0.871148      4.6672486      3.7176008
          2.085        -1.6756       0.871894        5.03496      3.3766891
           2.09      -1.671216       0.871491      4.7761605      2.8713928
          2.095       -1.65757       0.855612       5.488334      5.5497782
            2.1      -1.659336        0.86156      4.9495356      3.4701346
          2.105      -1.654734       0.858351      5.1504037      5.1362783
           2.11      -1.652876        0.85642      4.8383074      4.5589014
          2.115       -1.63215        0.83308       6.224367      7.8628854
           2.12      -1.636532       0.845453      5.5307092      5.1043039
          2.125      -1.644064       0.859468      4.9889456      2.6740748
           2.13      -1.633968       0.849682       5.300198      3.0752676
          2.135      -1.620872       0.839351      5.4947998      3.4083535
           2.14       -1.60823       0.819003      6.3017948      8.4981524
          2.145      -1.612524       0.830813      6.0143638      6.3853496
           2.15      -1.620276       0.844895      5.0044655      2.8501856
          2.155      -1.579154       0.791982      6.8515297      9.5406167
           2.16      -1.601042       0.821174      7.1355097      8.2668727
          2.165      -1.566346       0.781657      7.6225393      11.269112
           2.17      -1.590834       0.823425      5.7253458      4.0949297
          2.175        -1.5749       0.808765       6.139836      6.3541519
           2.18      -1.570668       0.800477      6.7745255       6.969107
          2.185      -1.561356       0.788089      7.0768165      9.4515812
           2.19       -1.54524       0.764383       8.702569      14.002234
          2.195      -1.543646       0.780319      7.5108187      8.5803933
            2.2       -1.53629       0.768676      7.8465504      10.875847
          2.205      -1.559414       0.804447      6.1583986      4.5524277
           2.21      -1.503554       0.720258      9.0726836      16.978333
          2.215      -1.526162        0.76722      7.6382599      8.3331486
           2.22      -1.506192        0.74547      7.1784077      10.000004
          2.225      -1.496952       0.721411      7.4890359      14.092726
           2.23      -1.517938       0.772055      6.6093473      6.7972728
          2.235      -1.497316       0.738646      7.9559025      10.938187
           2.24      -1.487984       0.730694      7.9160703      11.622779
          2.245      -1.448376       0.644428      10.503521      26.455797
           2.25      -1.492318        0.75697      7.6615868      7.2193236
          2.255      -1.462916       0.703376      8.3947748      14.446945
           2.26       -1.46328       0.722639      8.3087366      9.8775003
          2.265      -1.460022        0.72415      8.1030158       9.189435
           2.27      -1.431318       0.688657      7.7092332      10.111973
          2.275      -1.450216       0.709966      7.4267973      10.816332
           2.28      -1.430966       0.681471      9.9154747      16.592572
          2.285      -1.397586       0.625238       8.429565      17.637097
           2.29      -1.420292       0.682879      7.7998699      10.076463
          2.295       -1.40277       0.635405      9.7552748      21.504584
            2.3       -1.39138       0.644731      8.6386142      14.205649
