            2.2     -1.5492751      0.7891052      6.7273672        10.4904
           2.21     -1.5341314     0.77548175      7.0385937      10.519171
           2.22     -1.5155746      0.7515145      8.1287141      20.829531
           2.23     -1.5066016      0.7519981       7.535753      11.691212
           2.24     -1.4808628      0.7127265      8.6493533      22.526378
           2.25     -1.4674759     0.70051923      8.9461193      25.731325
           2.26     -1.4518747     0.67547237      9.7078547      35.039953
           2.27     -1.4313248     0.64746583       9.955479      37.027165
           2.28     -1.4165318      0.6294139      10.024815       44.23819
           2.29         -1.389     0.57044892      10.291908       55.55172
            2.3     -1.3648657      0.5168546      10.669978      71.268847
           2.31      -1.337251     0.45812742      10.239186      72.539223
           2.32     -1.3433388     0.51115385      10.596286      63.387372
           2.33     -1.3123114     0.42612035      9.3288437      69.476572
           2.34      -1.290208      0.3799883      8.9580544      63.845522
           2.35     -1.2795421     0.36887402      9.1552521      66.557375
           2.36     -1.2525815     0.30576772      7.9924772      55.870365
           2.37     -1.2456215     0.30297602      7.9387188      55.867086
           2.38     -1.2322331     0.28428592      7.3645712      50.542151
           2.39     -1.2229444     0.28559262      7.4863264      51.178694
            2.4     -1.2087626      0.2516164      6.9606749      46.924793
