            2.2     -1.5445173     0.77785534      7.5804786       21.06606
           2.21     -1.5276005     0.75525553      8.4002265      35.143429
           2.22     -1.5182218     0.75690767      8.1926737      22.046888
           2.23      -1.499008     0.73157248      8.3769202      24.133645
           2.24     -1.4773616     0.68657514      10.322974      74.354409
           2.25     -1.4607228     0.67581863      10.494661      47.764619
           2.26     -1.4478986     0.65704977      10.596674      68.628145
           2.27     -1.4189539     0.58711779      11.809038      116.03021
           2.28     -1.3982501     0.55539602      11.337607       112.2211
           2.29     -1.3829206      0.5261582      11.825393      119.24975
            2.3     -1.3561983      0.4495685      11.390426      145.01201
           2.31     -1.3411056     0.43124394      10.787684      128.06707
           2.32     -1.3061297     0.28584227      8.6321643      109.65909
           2.33     -1.3050863     0.34928791      9.7903986      125.01427
           2.34     -1.2765603     0.22781747      7.5480049      84.431414
           2.35      -1.266182     0.23919363      7.7141807      85.082231
           2.36      -1.254742      0.2371208      7.6850051      87.683978
           2.37     -1.2397864      0.2013637      6.9798158      67.669207
           2.38     -1.2286675     0.19015693       7.111162        61.0347
           2.39     -1.2148991     0.17682944      6.7018462      58.559852
            2.4     -1.2039672      0.1578203      6.5006313      44.667165
