            2.2     -1.5439838     0.76901504      8.6406487      64.678299
           2.21     -1.5320895     0.77049313      7.7608764      14.941432
           2.22      -1.511544     0.72694548      10.392979      82.755053
           2.23     -1.4981572     0.71997813      10.212924      74.810726
           2.24     -1.4736505     0.64989771      13.729084      223.43219
           2.25     -1.4607922     0.67015788      10.350287      59.758781
           2.26     -1.4306508     0.56685857      12.337719      186.23444
           2.27     -1.4195456     0.56789715      13.295843      199.07468
           2.28     -1.4023927     0.54071194      12.034185      175.05812
           2.29     -1.3725917     0.44001174      12.458481      233.55348
            2.3     -1.3490594     0.36760085      11.129504      249.54933
           2.31     -1.3322566     0.33600048      10.957495      217.90724
           2.32     -1.3172052     0.33022006      9.4684621      180.97963
           2.33      -1.299432     0.25588156      9.1488691      162.48817
           2.34     -1.2796648     0.19434755       7.822422      117.52619
           2.35     -1.2683154     0.20283561      8.2475665      123.22538
           2.36     -1.2527606     0.18095571      7.9546311      106.83785
           2.37     -1.2371641      0.1528677      7.0483921      80.289615
           2.38      -1.226088     0.13539137      6.9223865      62.806421
           2.39     -1.2165037     0.14224599      6.9477864      72.533546
            2.4     -1.2025833     0.12282785        6.58346      51.671899
