      40.110983
      61.156085
      69.354912
      79.004608
      106.98498
      19.489381
      149.45542
      54.485428
      131.11854
      86.879406
      57.252738
      96.337293
      84.264989
      116.15993
      41.181175
      69.405513
      40.962303
      44.427286
      47.105965
       145.7234
      120.22173
      150.08163
      60.013904
      175.47892
      106.94069
      139.67891
      83.890288
      110.60144
      57.773059
      55.506335
      78.940591
      54.838651
      37.148153
      48.310696
      148.14353
      118.53543
      60.370543
      136.78023
      150.63558
      53.027362
      94.347522
      39.292809
      164.46862
      89.962358
      109.76397
      97.818293
      91.036274
      26.030534
      96.475153
      63.826492
      119.74832
      128.09552
      129.56876
      158.11877
      82.969908
      72.897362
       57.74347
      33.289287
       125.5073
      91.541433
      60.659872
        162.148
      33.884128
      114.23541
      56.202194
      74.985529
      136.64256
      159.48041
      72.592848
      34.628938
       148.8086
      104.60367
      51.796132
       203.6892
      33.455783
      221.42373
      87.896431
      95.316218
       67.65245
      138.20428
      134.80927
      62.282122
        37.5953
      43.976396
      94.387658
      54.957856
      165.33404
      117.80529
      22.627624
      97.024031
      119.01391
      28.713418
       182.6546
      162.32067
      69.278908
      94.519695
      152.25257
      136.61242
       39.51874
      34.815443
       49.06745
      45.496405
      78.275868
      125.89696
       30.62172
      56.857235
       81.70177
      97.671929
       66.12511
      71.470947
      117.06774
      89.642587
      104.31344
      70.426382
      36.995561
      107.47337
      50.840569
      60.055954
      73.188932
      154.18217
      41.750195
      86.858408
      32.723059
      48.363455
        69.3336
      39.260653
      89.095575
      113.69938
      92.794063
      69.749261
      108.68715
      44.086435
      96.394193
      39.664879
      49.216403
       130.3515
      81.874609
      40.724445
      167.65419
      102.80092
      41.512184
      50.332355
      116.65711
      145.02512
      141.95128
      31.485035
      46.892073
      190.96717
      158.16194
      85.215151
      111.35942
      59.265068
      71.591111
      125.51765
      81.672185
      133.21288
      75.744752
      138.56746
      55.144123
      76.126357
      134.91188
      134.17667
      52.139425
      80.040864
      166.24923
      92.800067
      71.883205
      42.345642
      72.648453
      50.809889
      178.71348
      56.654461
      103.51482
      122.10248
      133.10257
      32.253171
      47.720839
      92.199292
      83.709731
      111.26653
      62.835224
      89.844556
      42.688917
      102.16295
      100.03034
       59.81039
      158.67584
      51.227486
       98.56254
      76.390357
      74.158392
      44.282054
      115.65648
      33.080734
      68.614581
      115.08656
       16.52068
      144.69729
      46.883476
      146.98487
      77.147851
      161.15866
      60.137552
      71.270477
      25.007166
      120.32927
        45.4425
      93.155757
      54.402154
      81.919243
      72.948269
      33.304163
      73.663059
         71.426
       126.4952
      108.19969
      60.156746
      78.738902
      113.07833
      74.631791
      80.570653
      99.389203
      42.130769
      45.075569
      88.332756
      21.939065
      109.21681
      64.765067
      36.757376
      66.968228
      163.29201
      86.389042
      72.197871
      64.070652
      56.937828
      42.353246
      84.132794
      54.400907
      70.383018
      123.08502
      40.358207
      70.078457
      76.578264
      51.603694
      148.39189
       56.22182
      123.71281
      131.76687
      100.70709
       44.46946
      130.67174
      91.470632
      98.865026
      109.17277
      32.959711
      117.58055
      92.114871
      175.56458
      119.96758
      65.499262
      128.28305
      128.73063
      106.12417
      95.549602
      63.645483
       128.7741
      84.212586
      55.706872
       127.9117
      109.88307
      136.50621
      44.884993
      72.275437
      52.443831
      56.783799
      79.486477
      109.36303
       59.54995
      39.462952
      64.367217
      41.427572
      72.198079
      231.33499
      97.836044
      136.28661
      123.11808
      126.84311
      158.41973
      35.230974
      61.515916
      82.342737
      57.749737
      133.50882
      51.096582
      219.04844
      56.564992
      77.315492
      92.246372
      53.829543
      79.000593
      119.01094
       50.11551
      268.63318
      111.13794
      103.28473
       125.3487
      66.239484
      89.977911
      25.998925
      148.54021
      50.688183
      93.225026
      101.98026
      25.386667
      159.98089
      142.90422
        24.6267
      49.173457
      118.13105
      41.324204
       58.24837
      86.227288
      47.006913
      112.94619
      74.722569
      93.878675
      141.12594
      69.215198
      81.218775
      91.988326
      50.740114
      53.816976
      81.239143
      51.936258
      72.357577
      82.186468
      38.798771
      89.142697
      77.128797
      69.214694
      177.03218
      133.46872
      153.60011
      103.00865
      102.51974
        59.8355
      99.463622
      46.010268
      51.033917
      147.90684
      35.807978
       43.18541
      103.91711
       40.92248
      106.44425
      20.921486
      173.58739
       104.7991
      65.410628
      51.398644
      112.58883
      15.930097
      51.458475
      100.93863
      76.832268
      42.569324
       58.72832
      178.78291
      114.97097
      39.325156
      15.125332
      80.648971
      89.878053
      107.57801
       111.9066
      133.05071
      211.53391
      78.141355
      115.68699
      143.06514
      85.654764
      56.393736
      132.08021
      27.007376
      87.784302
      51.215235
      83.063757
      125.56245
      119.48155
      70.084895
      67.609737
      172.07771
      79.468699
      79.384782
      104.31426
       75.73526
      99.128338
      64.827531
      60.912034
      68.350266
      133.96059
      61.596275
       209.0382
      99.649635
      190.08172
      56.282299
       80.28462
       91.94262
      77.710236
      118.10077
      95.474311
      85.769912
      101.14422
      109.36215
      48.461128
       30.58465
      90.933751
      78.566934
      60.409245
       159.2023
      141.41663
      33.640204
      21.238725
      66.910795
      42.173596
      116.45516
      221.99203
      40.466046
      56.647708
      145.52961
      125.01256
      84.863961
      72.575935
      77.720103
      115.31486
       56.55917
      58.970983
        120.759
      135.74285
      78.850895
      107.58903
      104.23033
      19.485653
      154.14644
      157.31132
      122.06249
      31.961968
      80.879125
      135.62829
      63.255254
      197.25529
      136.57142
      148.26817
      45.718405
      50.120295
      75.898843
      88.293612
      126.31993
      98.565521
      198.42346
      77.869301
      106.71706
       180.5121
      93.214828
       94.74187
      114.56684
      94.336038
      61.479751
      126.67246
      127.71073
      51.366515
      172.06022
      93.341148
       76.47873
      132.00881
       82.77524
      69.481848
      100.90414
      51.056457
        63.3524
       25.67605
       110.4185
      58.624736
      153.97359
      42.454776
      125.32815
      64.112873
       166.6218
       46.01112
      108.18443
      86.972057
      91.949245
      135.86933
      85.239883
      92.647799
      71.712399
       119.8296
      53.885631
      47.507722
      75.120334
      29.244186
      98.257531
      71.928633
      74.738437
      34.954728
      114.70519
      84.887749
       50.81762
      65.857776
      28.837398
      183.77951
      131.21629
      115.54221
      43.056435
      80.709521
        115.666
      37.931357
      62.830203
      62.691643
       62.10246
        55.7309
      219.79705
      152.48096
      68.679541
      77.602504
       73.23495
      64.189002
      104.89675
      56.791064
      48.371468
      106.87734
      80.597866
      107.43577
       49.65197
      58.854304
       87.42601
      117.89281
      94.825693
      22.138431
      87.085323
      106.84625
      98.334152
      77.554748
      73.014899
      130.39514
        139.549
       125.0334
       42.28164
      38.647697
      65.105572
       113.7606
      164.61087
      65.352701
      107.07192
      128.66186
      71.901657
      123.82505
      65.690791
      36.543969
      164.08494
      87.309091
      71.695305
       46.75663
      70.934711
      39.207077
      38.616089
      127.95419
      169.12798
      168.36436
      122.43361
      53.980757
      138.19213
      39.910868
      38.759927
      48.193969
      95.820963
      178.79666
      37.191521
      102.23174
      127.51804
      67.941933
      179.62715
      66.825539
      51.807233
       26.71861
      61.787182
      93.937401
       135.3754
      111.66475
      160.55082
      61.068712
      120.05884
      72.631703
      32.349653
       77.09791
      29.726866
      124.41145
      229.92385
      105.68663
      107.78154
      67.780224
      62.834857
      68.381567
      80.624856
      92.867498
      44.993305
      85.207175
      50.501767
      52.100565
       67.76641
      84.021147
      52.466756
      50.971604
      62.590694
       15.29547
      40.476608
      135.08636
      102.46674
      70.290507
      29.998459
      41.320359
      73.915579
      72.745911
      142.96951
      100.74359
      126.81298
      80.526147
      133.28571
      60.216768
      115.38571
       85.97943
      28.663778
      96.087164
       58.42108
       80.21236
      56.072898
      106.48368
      82.127063
      68.290664
        151.954
      60.450654
      94.488363
      151.71424
      68.778297
      88.027954
      64.042278
      156.77188
      162.18735
      32.042419
       40.79257
      93.807476
      139.08952
      124.99412
      141.97001
      59.623722
      93.474633
      74.508778
      111.60801
      105.03867
      129.77444
      101.76492
      118.15336
      112.08817
       67.45374
      247.13595
      105.72759
      56.491591
      64.554089
      40.905102
      165.06806
      123.56064
      71.812788
       52.58366
       58.63541
      119.51882
      20.642924
      79.261259
      49.972062
      111.33046
      45.298971
      103.64906
       43.68305
       80.44758
      47.972768
      19.228316
      100.59834
      127.01899
      54.278224
      146.34817
      65.043774
      115.32601
      39.136233
       66.97951
      12.853749
      53.393877
      32.735055
      38.202285
      87.120288
      72.354065
      101.67873
      70.337408
      90.170816
       93.08186
      79.068263
      97.957635
      134.71537
      59.722709
      59.969256
      61.709019
      113.94081
      61.917427
      45.539383
      123.44323
      56.750753
      38.007867
      56.224756
      24.168635
      145.05325
        182.807
      57.283372
      30.904792
      59.724843
      102.33696
        56.3273
      58.290062
      62.280356
      53.946277
       30.00536
      120.33737
      122.34664
      55.303302
      89.319239
      26.768934
      52.221566
      209.67113
      118.24423
      51.530159
      18.048272
      84.493173
       96.48357
      98.312128
      19.738821
      104.28327
      54.953832
      81.926718
      105.06098
      173.81609
      45.552387
      56.688467
       51.02761
      32.805825
      116.23245
      121.83052
      34.976919
       95.55716
      86.159829
       92.14606
        120.338
      107.78582
      103.21253
      94.679696
      59.749954
      69.194218
       57.68042
      97.909154
      119.48232
      82.092613
      44.948022
      21.714303
      59.836702
      77.143816
      33.608401
        35.6673
      149.77081
      95.055823
      82.919644
      213.47263
      61.938057
      166.26792
      88.923264
      33.229795
      137.83209
       70.80147
       14.42024
      49.069846
      76.935651
      55.977762
      141.72767
      44.015774
      35.373131
      74.835201
      38.538415
        159.181
      57.745936
        119.912
      89.077739
      26.828652
      79.043158
      294.19915
      84.104188
      94.803257
      108.11928
      37.479182
       141.9197
      200.02601
      65.825565
       94.68645
      112.07509
      52.129122
      48.502345
        31.0517
      85.471594
      62.975148
      61.276559
      273.90899
      147.71944
      40.617552
      43.576744
      188.76766
      118.24172
      98.119558
      94.069729
      74.046408
      107.97179
      34.083979
       85.00533
       35.09108
      129.51802
      157.11317
       22.40988
      99.404279
      189.88087
      140.96959
      67.530299
      85.794629
      154.72561
      50.124844
      31.543389
      63.460778
      68.551539
      131.61913
      21.638925
      131.90677
      39.808458
      54.705176
      86.115574
      97.113496
      134.20327
      47.626868
      169.98728
      61.489025
      68.303646
      61.465709
      127.57202
       33.11417
      42.022392
      57.976656
      99.052382
      70.109562
      128.67609
      38.542417
      99.910837
      83.800543
      39.305719
      39.526774
      151.08126
      120.67517
      165.05808
      22.879655
      101.96762
      125.02996
      65.497759
      48.192567
      129.72841
      102.32456
      48.590323
      45.560638
      101.86184
      147.83267
      83.981038
      158.70794
      122.10045
       100.6195
      84.838398
      75.882527
      85.347594
      116.25528
      52.568702
      125.92417
      64.103211
      73.865976
      115.03093
      44.350709
      181.48179
      122.21396
      78.282558
      54.550123
      88.122705
      95.134588
      49.223147
      65.443924
      179.69172
      66.324292
      98.161652
      186.49367
      84.027845
      49.200074
       145.3007
      80.242074
      45.344602
      73.788082
       54.14064
      106.91114
       50.39798
      143.09483
      49.915398
      72.176289
      42.856265
      105.52957
      114.48381
      75.252899
      19.130251
      47.435592
      145.41431
      80.009293
      151.57116
      154.57439
      27.154713
      132.90448
      153.60057
       115.7422
      159.25479
      132.79908
      90.569886
      70.532377
       131.1588
      95.628948
      39.339171
      132.80179
        59.6849
      112.64613
      35.375675
      97.302574
      37.241274
      63.626651
      76.572897
      86.121422
      70.760108
      56.106107
      75.688782
      32.077903
       186.6455
      84.651677
      103.56211
      97.301178
      84.270673
      65.248516
      123.51558
      17.786119
      30.216696
      102.67362
      104.13837
      49.530905
      48.155427
      48.004563
      59.542323
       125.5549
      151.78572
      83.605385
      92.830998
       130.7826
      86.509682
       155.0343
      87.746152
      40.711328
      44.492678
      80.439083
      77.995057
      24.296142
      24.939675
        69.7202
      53.266036
      113.24221
      72.661965
      144.97794
      133.01964
      28.903931
      109.27714
      93.234711
      100.38118
      80.528727
        80.5125
      40.230034
      204.62299
      72.243375
      81.014973
      38.373921
      68.224013
      116.00012
      52.126162
      62.141223
      158.03526
      43.277373
      89.972774
      151.90725
       33.94348
      270.29399
      95.063064
      89.108859
      89.685894
      60.748329
      115.52699
      118.79491
      105.17531
      114.50942
      86.999583
       104.7552
       73.06732
      198.50572
      48.588638
      49.100538
      156.80893
      119.05513
      131.71073
      109.05472
       69.04507
      103.41885
      57.350615
      63.107741
       90.10023
      138.74175
       45.56223
      122.21153
      151.72282
      143.52465
      40.141998
      140.90793
      67.050919
      80.637399
        116.297
      107.64971
      202.93227
      116.56715
       53.89363
      45.837978
      87.913985
      67.910474
      87.699648
      94.299763
      68.166445
       65.61765
      57.409032
      94.040966
      98.862285
      36.873029
      73.982754
      117.72396
      212.61742
      80.820911
      199.39188
      43.825393
      108.26258
      157.01461
        84.5132
      153.45589
      181.55924
      10.897201
      23.663383
      103.93297
      231.59162
      98.794127
      54.430729
      71.488104
      70.014277
      87.295908
      77.820715
      51.915743
      102.63472
      88.204494
       208.1166
      76.416002
      108.95119
      171.40905
      131.32393
      49.213471
      67.903023
      92.250767
      180.16991
      51.853032
      136.08137
      127.40867
      64.291807
      42.656267
      107.29264
      107.43419
      120.44853
      124.92092
      105.61479
      74.332706
      98.505888
      122.37021
      73.234323
       95.22947
        102.714
       19.45573
      122.88988
      26.365159
      47.205192
      150.83601
      65.827391
       69.55452
      115.16058
      77.640992
      16.374731
      140.59166
       186.4902
      247.43008
       118.4943
      85.488705
       64.89307
       103.5298
      168.30333
      56.911227
      36.938888
      119.61759
      70.166749
       73.36027
       169.3605
      110.72146
      97.089558
       74.74126
      89.740017
      66.285166
        126.768
      124.20584
      95.037247
      87.782547
      138.34041
      68.561962
      29.924445
      106.88663
      80.847317
      83.060786
       62.50773
      142.45688
      161.87138
      89.468209
      33.906476
      86.460053
       124.0696
      80.507676
      148.22728
      96.851484
      53.293139
      60.891173
      183.82741
      114.81808
      96.933269
      28.715428
      70.328399
      190.35037
      115.36631
      76.113588
        126.426
      23.071082
      54.935075
       123.7984
      90.381259
      86.983814
      73.106758
      109.02209
      81.140287
      98.064191
      61.624335
      200.00924
      71.637031
      159.26003
      150.65441
      88.638775
      66.261766
      142.38511
      53.749176
      38.029269
      88.030131
      52.578939
        57.8732
      78.995676
       62.99817
      178.11268
      120.38301
      93.551133
      58.545798
      27.967173
       82.67193
      111.06667
       85.48418
      115.76438
      54.588929
      61.385251
      159.21847
      103.31539
      113.45362
      75.044845
      57.403264
      142.67838
      89.962245
      90.827175
      118.93576
      111.83266
      161.65535
      75.145756
      50.849042
      174.01545
      62.118143
        186.396
      40.675712
       60.31248
      77.180775
        91.3998
      51.447204
      163.43856
      86.031083
      78.211538
      19.617605
      44.947496
      76.079182
      19.594969
      151.63925
      166.74989
      76.983672
      22.303146
      77.022794
      97.678061
      54.448469
      153.08014
      126.41036
      202.63813
      48.046882
      140.99335
      77.632974
      43.664551
      54.368153
      38.031127
       52.16376
      160.85458
      182.13563
      66.274846
      138.77845
      250.69384
      88.436786
      119.00537
      68.340992
      76.430009
      82.315969
      39.121578
      97.863514
      157.54319
      110.59634
        67.1108
      49.259404
      126.98544
      156.63458
      66.182515
      82.259017
      92.259544
       89.15832
      73.231475
       86.66567
      56.314161
      112.36896
      96.295601
      164.30975
      37.556199
      35.049333
      50.097056
      263.18233
      83.455569
      94.887162
      61.905118
      109.41929
      81.380914
      43.202739
      64.344579
      96.539946
      87.626885
      90.777668
      149.89165
       102.0979
      73.277665
      93.002438
      222.64882
      164.85281
      103.80226
      115.81809
      50.306441
      95.765209
      37.919288
      32.948249
       251.5324
      119.29068
       76.18462
      156.88105
      155.18079
      148.13506
      109.34706
      230.40801
      65.792713
      93.357641
      55.777195
       139.4962
      188.97744
      92.095178
      23.941427
      18.055034
      80.899475
      116.88603
      151.52489
      56.075759
      47.640747
      23.369209
      64.801856
      237.01815
      115.84578
      89.715801
      33.700762
      164.04483
      65.579224
        91.5885
      92.193132
       208.1076
      46.333574
      62.127048
       74.66435
      156.37018
      177.73447
      36.185248
      60.517138
      132.62395
      52.086169
      57.282846
      79.117748
      34.522699
      196.87783
      100.21743
      121.39156
      60.651583
      72.183166
      207.56187
      85.094576
      43.397905
       61.88899
      89.407387
      58.013319
      111.06575
      85.809925
      69.844664
      181.28062
      53.797416
       25.89866
      43.069517
      50.550367
      135.30856
      47.542662
      56.305335
      158.66337
      92.213222
      90.714922
       80.60783
      129.59595
      159.24253
       71.09377
      102.30222
      46.115967
      120.53853
      51.595236
      92.754754
      91.868407
      60.395413
      42.032504
      84.163066
      31.062848
      75.544058
      52.239952
      79.482363
      153.09476
      38.788528
       141.2898
      83.787118
      94.264852
       137.2277
      86.106242
      122.00034
      61.991975
      50.857695
      31.164369
      141.49755
       152.9501
      85.888638
       132.8294
      116.07669
      51.440657
      83.980051
      55.303337
      151.50868
      55.897134
      35.698534
      46.671837
      61.811456
      148.62962
      61.417375
       131.5847
      80.187987
      103.19541
       64.24536
      184.16518
      66.325106
      104.79988
      53.697482
       119.1148
      41.017931
      94.288296
      86.427768
      92.701093
      64.734298
      79.072019
      87.092453
      71.121357
       66.84048
      55.094828
      117.90521
      51.974274
      94.403657
      50.049778
      22.969795
      127.18229
      91.601161
      40.623405
      49.688766
      107.69028
       84.55307
      116.47293
      129.31642
      47.355025
      77.271205
      99.223876
      68.547351
      67.749736
      208.06989
      111.56497
      77.422169
       32.55126
      115.66882
      96.763708
      130.77256
      103.35485
      87.981015
      129.79023
      137.19174
      82.696515
       102.7516
      80.071726
      119.00866
      67.427706
      107.92805
      95.109994
      61.730799
      51.066235
      188.07125
      76.749838
      89.141643
      149.92848
      66.307822
      121.09862
      104.80288
      257.56074
      85.423225
      192.67369
       62.71995
      58.005196
      76.038501
      39.909651
      48.160345
      70.077422
      123.77265
      91.083032
      67.529131
      46.769733
      78.429223
      136.07471
       38.93252
      111.69941
      58.467715
      80.421357
      162.36364
      52.457098
      25.405055
      25.559724
      69.292353
       89.20179
      50.128683
      59.583408
      154.44022
      124.89425
      161.27946
      153.21755
      143.60059
      142.07722
      158.19732
      84.940412
      55.225165
      76.340185
      68.696882
      82.253484
      65.296649
      193.75824
         68.094
      132.92512
      156.66817
      71.449616
      25.506524
      67.463123
      36.852161
      77.020668
      220.05471
       70.76045
       39.82296
      88.495527
      198.40155
      36.262082
      158.85198
      122.19902
      93.946682
      75.808054
      78.654758
      138.93987
      45.495996
      95.108945
      134.75668
      55.594548
      86.101698
      174.42233
      50.149905
      133.51219
      66.836862
      99.049122
      106.98467
      182.39979
      169.49356
      158.70512
      51.526804
      89.483389
      155.84192
      92.156643
      209.04777
      112.44966
      199.66396
      137.73301
      88.376714
      46.344257
      186.86809
      71.492723
      76.131206
      204.97361
      48.886881
      79.436525
      60.297751
       177.1045
      208.04969
      159.24698
      105.08687
      32.029788
      55.410074
        210.635
      94.779881
      275.29773
      189.57998
      128.73666
      138.74042
      155.51446
      53.720231
      146.19424
       132.0018
       125.5927
      105.87903
      70.071439
      84.688434
      137.35481
      23.057666
      42.694676
      43.331731
      83.028074
      75.428078
      28.202986
      92.221943
      150.35424
      100.22782
       153.8882
      184.75761
      112.71958
      115.36542
      122.45396
      77.989836
      304.65042
      125.19141
      34.862498
      78.275796
      67.658131
      92.304717
      214.05395
      41.141089
      275.90229
      58.211367
      64.911088
       68.87613
      73.569438
      34.911893
      50.873586
      129.64326
      65.661471
      241.97024
      94.220368
      104.19229
      114.45108
       106.6584
      34.354512
      66.088055
       65.73704
      47.908466
      109.95218
      106.85119
      25.968692
      109.52396
      139.28503
      173.63813
      185.61501
      231.87261
       38.29469
       105.9602
      105.61842
      231.25848
      154.23494
      128.07418
      44.258557
      116.53719
      31.340209
      137.51154
      128.51858
      206.89379
      188.41935
      99.646118
      97.602714
      147.63846
      189.15312
      99.508869
      87.194052
      104.71106
      118.58006
      40.835375
      94.309881
      124.30957
       21.91755
      134.55725
      67.593786
      94.726825
      107.26156
      72.903841
      203.04428
      109.55656
      48.859062
      46.891335
      126.04078
       51.76385
      122.73917
      223.15659
      53.964137
      73.686481
      161.19028
      60.042711
      165.29119
      151.75418
      172.67768
      138.01669
      111.39409
      210.47415
      128.17289
      22.343324
      137.23801
      111.95822
      106.10162
      64.784732
          48.21
      72.875483
       62.25536
      87.965411
      157.94531
      74.781088
      98.286176
      144.00779
      99.359767
      43.776489
      222.20089
      125.03382
      127.14058
      129.27034
      124.93364
      39.552873
      85.817466
      78.427503
       34.05029
      87.169751
      78.008247
      57.783186
      146.42312
      74.739496
      26.996439
      94.044952
        52.6091
      113.64052
      84.877125
      142.28982
      210.95915
      74.509418
      43.704391
      87.342605
      117.49494
      121.12995
      87.564065
      36.553895
      165.63769
      67.027805
      46.285318
      90.479447
      138.85276
      120.13557
      120.88918
      132.02707
      55.874723
      200.44781
      50.023868
      67.340543
      120.37394
      104.14056
       66.74391
       23.68174
      66.534549
      220.65773
      42.838421
      92.652753
      24.334192
      113.97932
      65.695205
      85.381637
      47.840024
      111.28582
      90.811116
       55.91835
      60.247167
      120.04396
      216.03188
      102.02741
      95.832024
      105.96458
      80.143305
      158.50739
       59.03564
       270.7592
      65.798136
      88.351426
      93.079571
      94.119801
      89.101477
      118.24183
      111.94626
      65.223097
      244.84971
      74.629007
      122.25742
      142.29583
      69.274786
      62.954503
      107.31369
      54.025003
      281.13728
      95.143647
      35.237432
      133.82879
       46.06693
      101.10757
      16.083132
      50.497765
      119.44276
       180.5154
      47.526304
      49.532262
      282.55768
      67.375011
      38.281325
      74.783244
       131.4721
      122.31964
      64.955247
      116.63049
      194.73111
      99.506527
      79.668098
      41.561135
       151.9482
       138.6273
      52.977018
      93.484736
      89.188833
      179.17344
      137.56412
      170.00084
      158.26589
      109.57468
      45.581607
      105.46192
      133.38028
      24.461493
      50.995075
      120.21735
      111.91241
      66.598437
      81.322766
      35.773995
       128.9783
      112.83629
      190.57105
      137.23683
      32.672898
      121.21682
      97.325205
      136.82408
      84.542522
      164.53527
      85.017649
      87.686166
      63.507072
      97.105165
      44.053039
      83.386417
      100.55507
      53.326455
      145.02422
      150.79153
      126.81703
      95.979165
      103.94535
      144.34064
       40.25729
      122.39054
       177.6993
      112.30979
      70.956171
      147.38195
      119.08101
      44.986084
      168.46967
      122.36484
      96.457554
      206.54826
      145.13471
      91.940714
      96.365278
      43.714799
      79.368518
      143.41156
      43.393022
        116.778
      46.545091
      88.211144
      114.57948
      114.87745
      110.70447
      339.17643
      68.866557
      62.796288
      67.436699
      99.494665
       153.1515
       117.6224
       60.77011
      64.009193
      234.41648
      152.10936
      99.580446
      96.473167
      65.387793
      173.45858
      51.308041
      38.684966
      94.244553
      45.307264
       23.29922
      123.13233
      155.03157
      72.288422
      65.842035
      43.652934
      145.67473
      126.47243
      102.43685
       130.4817
      258.46765
      185.51784
      95.400944
      88.028419
      141.05644
      89.469258
      102.10583
      198.49931
      42.083992
      82.357539
      151.77031
      78.963146
      95.563062
      167.41983
       90.39261
      46.440566
      168.22064
      164.76822
      51.623853
      84.453032
      134.80873
      145.59487
       184.0769
      39.567362
      77.869142
      81.613854
      273.02005
      73.379187
      103.87725
       87.83312
      84.259666
      207.84728
      122.61246
      116.28515
      60.094984
      55.528781
       50.68366
      105.15279
      80.623161
      145.69704
      39.367125
      45.715522
       158.3339
      118.00375
      253.06225
      26.372932
      104.94474
      200.15968
      174.06733
      86.773862
      123.08065
      87.292958
      101.78267
      104.39048
      83.502434
      100.44363
       106.6054
      96.651231
      98.641045
      92.280541
      70.224165
      137.15391
      46.875008
      149.84995
      91.637999
      192.30964
       95.89551
      164.46163
      140.31771
      77.212288
      108.86149
      120.90755
      50.056811
      147.57528
      119.02166
      57.683992
      78.342414
       30.18503
      189.58895
      150.02047
      115.38477
       108.0826
      70.392934
      118.88805
      149.44484
      93.090253
      113.47588
      156.22745
      132.98133
      117.37221
        38.4121
      132.03082
      38.061178
      96.382662
      91.204551
      88.977578
      122.30254
      28.820441
       55.74074
      53.619072
      111.88264
      87.906403
      91.384192
      139.51625
      240.05951
      96.533532
      80.419534
      143.91414
      99.239544
      68.386533
      110.24741
      71.577545
      72.603025
      106.73674
      166.79436
      108.52822
      245.06843
      73.788501
      92.093898
      82.866901
      82.396923
      83.520055
      120.94725
      127.51805
      40.777689
      154.43889
      106.39888
      112.51021
      110.38379
      140.00823
      69.678118
      82.148546
      79.622039
      36.794786
      54.697096
       56.27803
      41.399236
      221.89836
      64.180231
      234.38197
      99.730317
      91.954388
      112.83961
       30.65419
      23.203773
      171.20321
      80.904335
      67.703981
      87.770408
      57.287351
      81.197062
      46.219092
      177.24456
      77.097001
      133.94688
      153.43281
      116.12083
      32.453352
      120.44665
      111.26036
      115.59484
      71.827022
      72.456012
      136.06066
      66.074092
      235.30124
      82.703622
      122.47075
      72.438841
      89.120777
      54.449076
      154.46994
      72.295732
      87.902655
      53.398525
      110.23935
      61.088559
      83.539495
      42.717997
      104.30367
        55.7525
      108.46278
      38.652657
      45.077283
      29.966276
      18.167046
      116.62953
      84.989273
      199.83725
      77.405247
      49.398069
      123.19281
      65.695535
       80.08574
      138.50182
      111.17739
      95.788212
      117.69866
      145.33412
      203.32073
      56.049876
      111.73587
      61.919848
      84.442655
      66.339051
      91.225254
      97.065886
       114.8086
      114.57484
      120.09112
      184.30634
      44.192741
      23.603415
      143.68404
      61.417447
      62.556475
      82.427461
      24.531237
      36.482919
      96.575718
      135.76627
      144.62376
      109.08052
      139.96457
      51.782459
       47.42495
      54.018184
      115.18642
      105.09436
      60.026185
      79.664986
      267.55909
      83.607354
      80.075676
       72.39666
      279.81844
      96.530936
      88.675322
      191.27823
      97.069928
      103.97638
      58.651669
      79.745609
      128.42878
        114.965
      62.691252
      63.169212
      64.476825
      70.258194
      87.912493
      93.296316
      78.126843
      44.646412
      112.56365
      96.316112
      248.13563
       187.9669
      93.029791
      145.52876
      141.68179
      138.52697
      39.194633
      269.98696
      47.454999
      108.16032
      186.29283
      99.363552
      17.916929
      115.76974
      149.45641
      103.60433
      29.036529
      60.713112
      228.23106
       61.62599
      69.614966
      95.902233
      200.62445
      52.143675
      51.642745
      83.303198
      98.390978
      132.94982
      60.854412
      93.229495
      121.24233
       59.58019
       148.7386
      82.817023
      203.81327
      82.634563
      89.095395
       67.94139
      92.052476
      73.639298
      191.73477
      154.15609
       66.34244
      51.548844
      194.70924
      152.09434
      118.33958
      141.04669
       122.5869
      136.49679
      23.995777
      62.169172
      68.439875
      35.113533
      133.87479
      63.273649
       243.5365
      91.409258
      126.84397
      214.72639
      72.865059
      71.628462
      91.566195
      85.825327
      77.852659
       177.7765
      87.325961
      102.22715
      147.73414
      98.478277
       85.28837
      68.938158
      149.35973
      93.375338
      81.877461
       40.88489
      58.272287
       38.05878
      48.466038
      47.134548
       70.24807
      66.986544
        108.352
      120.73228
      192.61668
      128.62001
      88.080536
      182.38242
      35.343716
      41.243028
      42.045816
      63.048719
      56.772243
      196.25065
      138.29441
      70.892547
      61.201529
      30.791373
      106.51659
      186.92174
      59.152759
      84.784817
      177.96396
      138.70987
      79.018533
      134.12707
      112.26568
       121.5134
      66.314088
      52.984843
      36.168059
       66.21449
       167.1714
      153.72723
      109.57055
      107.07898
      155.39808
      79.667934
      171.44002
      103.45405
      62.846819
      84.821068
      90.511723
      51.798757
      50.704781
      279.97537
      37.962784
      93.202625
       130.1599
      165.85433
      74.887942
      168.58035
      132.18346
      79.881398
      216.49047
      78.125159
      173.61654
      148.51406
      113.73664
      78.765421
      66.267696
      93.680455
      104.06116
       55.85098
       122.4779
      67.981918
      96.250753
      165.33923
      161.60448
       115.8958
      67.465231
      37.971947
       29.29372
      104.12166
      52.117147
      55.090621
      103.03218
      99.555865
      159.73864
      385.42954
      55.485241
      63.372284
      84.690431
      89.132565
      133.70972
       86.79876
       35.62446
      19.883355
      85.010288
      65.917696
      84.605043
      138.44278
      63.780314
      141.41787
      255.18322
      179.81858
       51.85476
      120.39959
      150.53251
      77.880919
      74.852169
      125.41455
      77.873157
      190.13863
       121.8555
      140.43979
       90.41146
       111.8931
      100.88942
      133.97524
      26.725777
      9.0316206
      208.23889
      49.656436
      114.60246
      66.379605
      29.335741
       28.97465
      151.19728
      105.50082
      89.268186
      177.59579
      113.11976
       57.44395
       147.7273
      105.18913
       167.2509
      57.031722
       98.28219
      80.881807
      110.13974
      116.55552
      132.77717
      79.537906
      119.07279
      180.73667
      110.94525
      136.87205
      122.33203
      50.905829
      79.276061
      94.169263
      46.527898
       66.17815
      241.42019
      70.910456
      137.04584
      126.53785
      74.263282
      55.119695
      69.836107
      45.202562
      193.39945
      51.710131
      174.90851
      35.113703
       58.24366
      143.52198
      164.59712
      109.84182
      75.484666
       148.5421
      137.23167
      51.490151
      177.45991
      33.156858
      205.59459
      70.937226
      66.312024
      71.391154
      145.14732
      143.09202
      60.463487
       65.13624
        46.8075
      160.36999
      51.061205
      186.36839
      88.363694
       64.18476
      59.246472
      50.049445
      151.30269
      100.15538
      267.14825
      83.866748
      111.03705
      46.688845
      96.697888
       55.20238
      39.039892
      46.897806
      212.05752
      158.10302
      65.919902
      50.589451
       97.14623
      66.834405
      106.78978
      51.441482
      148.42532
      121.81293
      109.06287
      65.094724
      29.189554
      30.627027
      25.526943
      155.05123
       157.1609
      242.57578
      89.668064
      87.057084
      69.871831
      111.83444
      44.312345
      126.33179
      57.798373
      74.733625
      91.330781
      97.489554
      148.04879
      38.968255
       94.39724
      103.66971
      82.335015
      121.71603
      102.74242
      53.828131
      67.360401
      61.921623
      25.953798
      92.329285
      75.175258
      75.471838
      52.765665
      35.799313
      52.106898
      152.60983
      86.736471
      72.295948
      143.86457
       140.3489
      90.691983
      81.111352
      62.789284
      178.35237
      76.090395
      175.66803
       167.2687
      142.14389
      170.82167
      59.504487
       119.3455
      88.192348
       86.38421
      106.65926
      156.46918
      62.594723
      224.04007
      87.811746
      55.533353
      71.347499
       110.8461
      48.783578
      93.715982
      139.84973
      143.85782
      59.962355
      108.92599
      75.425586
      139.73393
      136.22144
      204.40877
      69.791565
      177.09653
      106.19016
      117.51661
      148.24048
      120.70937
      41.999997
      175.61786
      174.52464
      83.590761
       64.22918
      98.004871
      76.877318
      136.74615
      61.921565
      145.30452
      71.779019
      103.25367
      136.06834
      69.859718
      144.11138
      130.96483
      124.82663
      87.627471
      70.265171
      81.306674
      46.087939
      151.00869
      225.96469
       117.5054
       45.14418
      93.269869
      186.66001
      53.598661
      94.188949
       189.6083
      135.20746
        80.9595
      200.71792
      73.994173
      101.38901
      140.92705
      218.12751
      79.507244
      99.585363
      143.48893
      171.28928
      85.602277
      62.066173
      117.60492
      118.85851
      229.73447
      157.26177
      175.96488
      58.967459
      112.64178
      30.946365
      122.95185
      92.472516
      119.50712
      70.915907
      122.78347
      108.80399
       145.1681
      113.14269
      59.341362
      132.03571
      229.02466
      76.372173
      189.16416
      82.138982
      53.829366
      168.82655
      118.22141
      71.744978
       33.09941
      130.21039
      87.215791
      230.59315
      54.247103
      185.76601
      78.530982
      155.31396
      73.767432
      115.16557
      203.64394
      76.577399
      66.792559
      44.421269
      32.252041
       66.31018
      58.564257
      136.78908
      175.60385
      66.485139
      42.693345
      92.038141
      219.22713
      51.487597
      70.929194
      107.58357
      92.766545
      62.264767
      142.92609
      164.17283
      57.967658
      57.220388
      37.428632
      56.977087
      66.099953
      132.30457
      85.209785
      38.727343
      127.55001
      54.814377
      148.92998
      40.698143
       93.10009
      54.896613
      57.515484
      135.50975
      101.28764
      64.318586
      42.633625
      34.335802
      89.042228
      93.836665
      50.818506
      268.30401
      128.70312
      99.330705
      101.17464
      226.50727
      157.30288
      115.74673
       51.47656
      66.901459
      133.59544
      59.109902
       117.3169
      76.796274
      116.46719
      168.98368
      59.661388
      108.29867
      108.04734
      77.533427
      71.745131
      115.50634
      58.394514
       209.6015
      73.138557
      76.057308
      215.72718
      191.92009
      39.145398
      85.570207
      74.706337
      165.12989
      90.686839
      81.520847
      70.443471
      160.14289
      102.26572
      78.008106
      103.21304
      47.766949
      157.91566
      177.18184
      20.997568
       126.6932
      188.01973
      216.55082
      27.549643
      133.33547
       93.87309
      149.43739
      64.230261
       54.48788
      148.66182
      111.31242
      46.393603
      42.490675
      45.256275
      56.204468
      82.572747
       126.9394
      88.845951
      138.98292
      77.547358
      66.920198
      132.05516
      35.522383
      98.938897
      89.340928
      67.135256
      131.50653
        24.1704
        74.7131
      125.08516
      153.42192
      174.49266
      125.28868
      30.636919
      61.850119
      160.74345
      66.603958
      104.08671
      91.160693
      104.41828
       81.20933
      63.616104
       117.4834
      97.704385
      129.30714
      118.38812
      102.28066
      141.78275
      36.295847
      150.06017
      245.84615
      85.162965
      86.351981
      68.351287
      52.517653
      53.226999
      82.996238
      81.469827
      52.397788
      132.90274
      46.979823
      47.003951
      141.16513
      65.104788
      106.93609
      91.011352
      111.86837
      220.70316
      108.52179
      43.977529
      63.734408
       80.98959
      20.346104
      92.213946
      182.16159
      59.249121
      43.669335
      65.879807
      70.097939
      77.809746
      54.101381
      131.42653
      106.45895
      128.16217
      108.95594
       52.72579
      128.68391
       96.76727
      206.84584
      82.381513
      150.48681
      77.453414
      67.921757
      66.686069
      135.42402
      187.85791
      89.625911
      77.669606
       231.8141
      49.962065
      106.75107
      77.642553
      121.34209
      101.70182
      168.61474
      51.725594
       141.7785
      40.626678
      78.746514
      92.481307
      105.69278
      42.365002
      122.01029
      76.232096
       99.91803
      90.711247
      196.03575
      137.30808
      63.454278
      69.012494
       130.0616
      65.445707
      45.858352
      58.270359
      140.72106
      115.01998
      89.472959
      86.955495
      87.945657
      96.600909
      54.979831
      206.42335
      68.746244
      110.67527
      85.409659
      124.73247
      55.562568
      82.874183
       74.20619
      72.133969
      114.66137
      204.90194
      223.38156
      16.163147
      70.302083
      161.84825
      45.020196
      65.699584
      97.253736
      30.045581
      160.32202
      112.54257
      30.951589
      163.53737
      48.460501
      60.845786
      69.359184
      195.61402
      142.43992
      90.268061
      50.571005
      144.92068
      127.62413
      59.040429
       89.15939
      61.922501
      68.095067
      69.435649
      49.078887
      89.598663
      115.24288
      119.84422
      131.53401
      105.62434
      175.29812
      148.31578
      63.278183
      83.772777
      60.441331
      177.19837
      144.13965
      210.66227
      87.099919
      35.154712
      80.872533
      151.85357
       84.75908
      73.612066
      74.164136
      130.71989
        67.8795
      196.70346
       146.6065
      88.960793
      146.71958
      82.767666
      66.340232
      102.06555
      65.722938
      70.315537
      47.875507
      49.771485
      112.86674
      67.464382
      67.027807
      64.825083
       138.6149
      117.45769
      177.11741
      119.10119
      63.666665
      67.739248
      129.08908
      57.213951
       172.9934
      147.81301
      54.347869
      58.951582
      151.43447
      54.785285
      83.362052
      126.63306
      125.67733
      90.189857
      135.93818
      177.51745
      161.37338
      111.50912
      89.637278
      106.98034
      27.644155
      231.90949
      117.74212
       91.32732
      19.250141
       76.45134
      42.875313
      127.97223
      85.713073
      185.50335
      162.73478
      82.280536
      86.486837
      112.80362
      109.53877
      76.354158
      76.060531
      73.276288
      59.526408
      51.555754
      179.06805
      74.059927
      49.844793
      45.789897
       146.1016
       129.9323
      102.99915
      111.87494
      73.432793
      61.520068
      83.099186
      148.30577
      130.49166
      66.617075
      113.30144
      60.627362
      38.911517
      80.913044
      154.26549
      81.339838
      191.26074
      265.68855
       83.70524
      20.217126
      137.29128
      97.617936
      201.64665
      136.05263
      183.96573
      155.87148
      91.322083
      134.93936
      57.107463
      253.54101
      113.88166
      188.81979
      174.80562
       50.47801
      38.074814
      143.58248
      123.50516
      104.66151
      141.78601
      120.57434
      122.47423
      64.467779
      23.840257
      143.02908
      184.38014
      101.14393
       122.6273
      83.698703
      116.33361
      51.113115
      66.348396
      112.63665
      59.368872
       99.00596
      127.03372
      26.601627
      93.467777
      36.320321
      58.516884
      66.679555
      51.264618
      85.410952
      65.750698
       86.22262
      30.516951
      85.002032
      218.66816
      72.476279
      86.645259
      127.54501
      50.552348
      53.953618
      56.403499
      153.82777
      46.989043
       158.8738
      133.30652
      63.045669
      50.032206
      81.797989
      60.841207
      75.523387
      128.12963
      73.823815
      79.976033
      163.54582
      133.47844
      186.31407
      81.489697
      209.65622
      101.09559
      105.39088
      116.08146
        106.003
      48.202498
      62.132657
       153.9184
      103.02387
       62.27262
      163.29355
      164.40763
      68.700909
      89.749043
       74.63564
      79.727341
      40.253041
      113.35173
      37.599334
      115.08371
      126.39971
      87.561401
      97.154794
      61.505686
      167.82995
      62.398507
      123.37886
       180.5665
      27.908539
      67.656935
      131.76389
      259.67397
      105.24703
      64.323177
      153.81161
      26.056697
      58.333548
      207.18109
      70.289299
      132.31895
      34.044979
      72.236275
      148.56416
       120.3784
      26.799163
       95.42582
      43.855035
      66.862027
      82.528297
      48.657947
      42.704432
      165.86577
      50.362744
      189.90785
       42.48595
      168.38162
      84.524018
      194.87715
       82.75008
      148.55676
      12.590427
      104.18684
      123.30973
      55.802106
      109.42607
      115.53181
      218.36923
      46.214523
      81.439099
      36.986844
       22.60503
      90.827639
        60.9119
      119.11667
      80.383957
      57.040315
      36.555826
      56.524916
      142.64314
       52.99048
      12.901984
       69.37514
      172.21819
      87.676418
      81.555253
      57.849656
      135.58504
      71.611171
      70.559194
      169.15586
       219.4091
      138.40427
      115.40482
      94.146858
      26.749561
       90.06719
      53.933799
      101.62983
      253.13885
      74.830894
      187.91359
       169.7162
      83.280624
      114.59974
      132.81806
      55.801555
      92.801831
      137.18726
      49.979339
       45.37065
      185.92782
      41.562435
      93.500888
      67.781195
      50.373659
      139.15106
      74.835095
      58.848632
      142.19475
      132.54063
       94.06885
      76.587124
      38.557484
      173.20698
      49.321554
      77.043724
      130.06631
      156.41824
       129.8415
      72.144056
       49.42943
       52.63812
       117.7206
      32.734038
      136.38238
      97.105354
      206.42451
      31.948256
       66.02412
      51.568213
      136.02236
      114.51688
      32.172512
      94.015874
      170.84721
      96.780909
      58.245924
      100.69656
      96.682748
      130.12755
      102.48001
      80.724426
      94.948514
      79.682879
       37.20949
      60.854231
      47.742125
      25.266321
      101.09029
      42.843523
      141.51069
      120.76292
      98.876104
      86.609037
      151.71821
      63.058949
      70.284601
      177.55419
      95.202729
      54.448944
      95.854511
      157.41848
      84.050611
      103.77582
        134.705
      210.78746
      112.91306
      208.24649
      77.453113
      36.267236
      140.83737
      122.71962
      27.038224
      90.833328
       120.2669
      88.313604
       71.55519
      103.66342
      123.82362
      111.81981
      39.825372
      82.276842
      57.315181
      51.383722
      127.19347
      132.15534
      46.892735
      98.721748
      81.099745
      105.13367
      46.966851
      168.91571
      78.787724
      134.05045
      61.945217
      52.870149
       150.4038
      84.928767
      48.139922
      59.961795
      106.73773
      129.76526
      29.484055
      90.616103
      64.785823
      47.049377
      64.262954
       113.1819
      124.27328
      53.217124
      98.143872
      58.499064
      156.41937
      76.135745
      111.91183
      29.768534
      13.379908
      80.234013
      77.830331
      73.226914
      84.216894
      193.60354
       42.39588
      167.98379
      19.228221
      102.86772
      54.517893
      46.710361
      129.02099
      140.79494
      133.21469
      46.724456
       64.46924
      92.639227
      71.977467
      35.256888
       70.05228
       58.31391
      134.80115
      31.140875
      167.25658
      84.744977
      134.34314
      133.94071
      48.226329
      97.130382
      90.006963
      179.43251
      157.20945
       50.76486
      74.941833
      130.73622
      115.74295
      181.11037
      19.730753
      25.225592
      53.694858
      102.22437
      60.126586
      140.60828
      58.421834
      49.248007
      50.422515
      139.86132
      54.976552
      147.08766
      42.439225
      74.578903
      33.416068
      113.53188
        92.2586
      123.26496
      74.079675
      108.66405
      112.51744
      215.18632
      23.949777
       64.91139
      23.505927
      111.15407
      90.117866
      116.00874
      109.93952
      97.822435
      37.886137
      45.812275
      110.08183
      93.691333
      60.853506
      46.943656
      73.697987
      62.169193
      228.24025
      150.46169
        152.301
      171.00145
      67.208002
      83.335759
       62.77286
      115.15464
      75.494361
      238.41655
      89.610947
      123.71044
      84.846203
      90.380032
      286.88109
      134.00708
       14.39117
      110.40737
      107.68836
      80.081922
      50.413497
      143.46709
       124.5236
      191.41337
      193.37092
      238.91099
        128.286
      50.090563
      91.146214
      61.698234
      120.81912
      270.85136
      153.74964
      181.32675
      32.550068
      65.508184
       41.07766
      92.256602
      108.70032
       44.55689
      191.26526
      115.99628
      31.877454
      54.560534
      63.109338
      91.343186
      186.61953
      117.94569
      111.07464
      141.31043
      71.796562
      102.19395
      147.69038
         62.167
       114.6315
      76.814216
      42.063544
      70.712981
      59.644669
      122.47628
      23.062045
      115.53389
      172.14512
       80.11066
      124.50686
      43.591259
      48.340798
      60.153708
      59.028591
      120.71045
      86.556343
      59.655894
       158.2417
      37.115381
      161.88621
      192.77423
       101.2898
      53.920679
      81.140118
      75.175449
      53.412703
      59.847252
      58.830832
      106.85203
       183.9241
      80.995098
       193.9953
      91.858149
      135.03888
      120.44835
      83.181265
      160.84066
      59.098317
      44.101149
      67.577704
      31.153982
      56.609731
      134.49396
      34.341086
      288.14571
      167.63484
      82.308165
      136.52131
      183.05677
      78.709837
      192.06916
      98.797847
      81.313904
      77.343315
      103.60606
      24.115434
      130.51639
      84.174335
      72.020168
      211.29119
      28.239798
      117.48531
      133.52872
      174.81665
      29.216569
      128.76002
      62.919771
      85.701127
      161.77898
      116.92974
      53.032153
      84.860091
      102.44839
      113.71912
      44.333362
      138.56215
      167.34063
      117.14431
      131.07644
      65.523258
      105.74656
      174.72252
      116.15968
      66.239943
      135.91226
      160.25943
      88.753146
      189.88749
      18.987589
      171.69748
      104.87674
      36.331527
      118.64773
      131.80327
      44.977911
      24.110804
      76.297399
      61.035425
      127.86825
      180.82009
      158.09073
      198.67066
      139.80547
      190.51106
      62.306675
      74.978082
      68.243416
      44.725608
      91.363406
      68.744071
       196.6932
      118.46479
      39.799874
      65.719808
      76.269807
      48.805459
       70.85407
      97.044579
      82.737712
      196.11681
       40.28746
      183.09935
      112.21822
      161.29456
      157.04063
       157.5484
      168.81061
       35.00908
      55.566656
      69.463557
      245.47895
       67.38025
      72.723312
      112.56298
      90.697536
      167.65035
      81.335379
      87.117529
      37.021519
      58.704591
       106.3315
      139.46778
      165.88093
      70.403883
      41.873329
      48.337406
      42.633281
      29.882546
      88.920544
      67.331083
      66.795061
      151.19065
      143.23959
      96.355972
       67.51421
      87.381515
       85.45482
      124.21296
      176.35315
      100.18559
      127.50026
      116.68507
      60.946936
      154.90983
      77.699035
      107.70562
      131.59915
      83.625813
       29.65036
      91.633649
      153.26327
       49.56856
      62.843393
      97.077112
      118.58023
      53.766492
      109.92096
      82.269544
      112.99896
      70.547048
      65.960457
      94.063741
      43.844561
      77.970329
      54.043895
      79.784798
      39.002502
      240.61491
       98.87704
      121.63719
      74.992202
      167.41742
      145.02023
      55.473778
      143.96904
      159.71792
      82.474821
      207.57688
      136.06698
      24.834571
      64.787723
      67.653503
      107.84721
      125.78421
      205.63598
      56.072542
      179.96292
      44.818297
      24.490218
       119.1916
      90.148297
      85.340494
      32.790442
      83.453068
      148.59425
      59.249237
      117.41147
      110.26227
        59.7294
      164.55987
      110.26626
      139.59257
      176.03515
       88.41763
      96.212242
      154.88047
      81.502796
      47.553726
      114.59759
      117.41034
      140.48096
      36.610321
      38.727785
      82.503398
      94.472217
      106.91955
      44.377981
       127.9928
       9.896913
       206.0621
      136.16299
      39.393576
       131.6929
      60.372187
      84.075624
      24.751335
      105.82836
      35.816362
      91.212828
      122.72705
      152.74388
      166.00138
      48.097023
      99.491209
      95.999394
       113.9825
      26.616127
      89.499704
      105.86098
      85.401929
      118.79944
      81.256018
      82.391017
      223.07932
      43.326881
      195.57749
      31.998834
      195.54812
       65.62684
      120.86093
      54.175057
      163.96229
      57.425773
      93.426773
      117.52357
      127.03741
      48.434583
      135.48543
       117.2392
      50.398558
       36.66716
      86.313442
      37.161644
      136.34641
      92.007387
      47.631971
      44.385675
      108.04491
      29.064196
      90.143042
      124.38174
      72.827703
      97.512174
      50.568457
      108.47928
      74.919311
      79.132017
      73.336204
      99.084739
      147.34222
      75.409852
      130.62241
      165.00399
      47.565853
      108.10732
       52.56768
      47.887234
      84.609047
      78.110201
      91.076196
      83.921867
      50.001487
      12.777279
      30.130498
      35.514369
      73.914183
      34.683028
      95.888844
      100.96082
      107.30982
      72.349917
      49.280993
       82.23297
      58.934893
      49.989853
      117.25214
      108.45915
      87.727397
      87.947646
      61.442154
      49.096256
      44.226608
      147.38094
      89.592491
      79.559136
      105.91998
      58.676338
      116.46309
      49.131319
      43.403704
      139.76363
      57.304474
      73.784693
      81.357878
      82.390211
      88.456652
      177.30702
      49.478058
      42.210264
      127.48614
      65.030045
      60.854274
      129.97369
      56.366147
      120.83116
      138.02429
      110.42254
       31.41933
      57.292884
      162.67843
      53.768822
      43.455229
      131.70539
      98.911229
      145.35012
      76.563835
      199.58205
      30.547768
      68.947958
      69.263989
      32.381447
      154.44914
      87.484843
      179.86626
       67.54451
      84.367426
      14.793814
      42.227077
      69.957884
      79.240534
       157.9294
      135.73414
      73.666197
      75.723118
      225.99257
      61.865068
      167.86435
      97.349562
      64.868546
      76.491426
      63.510013
       132.8666
      81.104923
      63.134418
      74.578227
      79.213169
      23.843067
      66.444385
      56.855576
      52.469096
      55.764882
      80.779286
      124.62625
       22.56187
      120.36962
      118.03384
      52.705497
      80.529254
      125.29581
       57.39121
      54.564956
      47.741737
      141.94481
      47.627543
      105.12267
      145.30776
      25.595997
      55.434529
       66.19487
      45.664013
      50.805806
      76.572672
      63.598069
       63.97672
      184.29678
      78.636483
      56.305347
      97.461426
      113.75555
      124.72516
      109.70147
      34.734798
      92.181132
      106.33389
      58.939979
      126.00759
      146.22042
      90.502825
       78.97004
      61.280294
      53.726182
      34.579136
       74.62056
      49.288359
      85.788223
      74.602844
      119.95146
      94.467128
      22.709385
      162.81929
      148.94714
      117.66727
       82.89816
      75.328662
      90.256582
      55.797969
      109.23387
      29.191524
      72.636979
      72.429505
      47.591493
      177.22499
      47.191945
      54.762619
      40.646252
      85.711495
      103.34788
      113.96348
      41.875882
      90.077526
      72.853482
      118.00723
      79.355812
      69.702404
      206.71357
      62.630061
      211.97736
      227.91107
      45.166127
      125.20474
      63.867133
      135.14014
       142.2794
      159.15766
      123.43695
      80.663488
      173.02285
      51.127915
      33.231316
       70.98242
      81.308838
       112.3089
      63.575202
      37.873877
      44.844024
      197.30746
      61.419127
       77.55463
      111.89685
      64.259098
      157.46302
      97.768689
      58.628353
      43.459308
      75.148791
      137.63942
      28.339055
      156.17097
      47.568052
      248.34896
      43.079218
       110.5083
       157.2054
       119.4951
      46.604282
      99.400725
      140.68969
      62.608544
      86.631547
      144.50464
      115.78356
      69.099147
      43.068053
      94.899845
      92.576748
       76.09187
      115.41658
      112.01818
      165.57859
      69.749637
      88.724042
      146.55159
        179.255
       111.1235
      56.845135
      53.471614
      91.724239
      72.530724
      123.22418
      95.367353
      52.214986
      48.564249
       105.4503
      71.550647
      161.62017
      16.483508
      55.920735
      37.472344
      88.770407
      35.075702
       100.4353
      90.756983
      76.656241
      56.308827
      35.820707
      42.146847
      64.099428
      144.82879
       80.27635
      303.00775
      97.551474
      99.450763
      27.970832
       56.45427
      177.95751
      91.947423
      51.807226
      70.362094
      39.185619
      74.333388
      73.061579
      118.38519
      34.444119
      83.461862
      202.81408
      33.564417
      153.78755
      36.196338
      80.858054
      180.63744
      176.87175
      177.14185
      80.492336
      67.368021
       44.31104
      78.180208
      48.668265
      114.24539
      205.94139
      151.26957
      73.327031
      41.339839
        94.0738
       131.4139
      64.336777
        87.7221
      148.74463
      66.359533
      57.320912
      59.015414
      51.332535
      154.85797
      54.495289
      66.284296
      145.54322
      97.887926
      120.90762
      44.450485
      62.712736
      53.827143
      78.108229
      119.38908
      82.159368
      151.95811
       66.20864
      31.591646
      85.998225
      70.568692
      88.685947
      64.050255
      46.705916
      77.908044
      159.02514
      113.76342
      100.28091
      68.648096
      50.831577
      38.325149
      135.89127
      135.06549
      57.516734
      75.269933
      96.375658
      91.652353
        59.8964
      83.410752
      119.73019
      118.81086
       69.55549
      89.396864
      146.32669
      152.61106
      112.51947
      108.10619
      127.33952
      87.623377
      144.70487
      164.60002
      58.202404
      141.28218
      106.69696
      57.964337
      74.404586
      48.132772
        90.3993
      90.612774
      145.30011
      130.96845
      60.160858
      137.34235
      46.085253
      138.11383
      52.603683
       66.83338
       229.9275
      176.35706
      111.97472
      62.554632
      107.90109
      37.685382
       49.13143
      64.929073
      85.083517
      83.443432
      48.852308
      59.328322
      117.11388
      92.490028
      79.444309
      94.654818
      39.643631
      110.47949
      53.373118
      123.69144
      112.56838
      99.627575
      96.812244
      42.082581
      54.764379
      69.503194
      201.22581
      35.302333
       53.21005
      83.811631
      75.097869
      66.601038
      84.013737
      102.02384
       169.8943
      152.48955
      136.45549
      26.633591
      60.585609
      185.58659
      79.976776
      43.859689
      114.99235
      74.974852
      79.293049
      102.97415
      280.72525
      64.411439
      93.340458
      42.726186
      72.782427
      52.066671
      160.55378
      95.961471
      46.784423
      114.14084
      104.83688
      107.07174
      28.234653
      89.359974
      103.23424
      127.89526
      171.23603
      42.944695
      68.174038
      83.771667
      106.15088
      84.049031
      83.224545
      271.81295
       58.09161
      186.20267
      166.43339
      83.053846
      77.478205
       35.57024
      36.496079
      41.146554
      165.26951
       71.79327
      31.440745
      95.838655
      28.558426
      67.927995
      61.217025
      155.81992
      60.155136
      118.61502
      68.098384
      148.75506
        127.875
      34.402608
      90.027959
      99.890021
       254.0022
      108.73359
      45.413986
      72.705177
       88.78084
      56.845029
      34.810393
      74.791522
      37.014685
      43.211181
      68.644915
      29.801385
      41.442541
      78.662171
      92.075765
      72.342596
      31.847447
      49.418069
       65.16959
      118.44033
      120.35901
       90.47751
      67.829344
       38.82062
      66.414523
      123.78021
       35.17644
       101.8375
      67.679494
      19.433684
         76.377
      30.230202
      242.41543
      155.84832
      101.35571
      132.28115
      74.192849
      112.20533
      63.699691
      82.481797
      45.346766
      69.008222
      144.78203
       83.37569
       91.22818
      98.620182
      58.901247
       70.54944
      76.125422
      134.05961
      137.57627
      100.16812
      143.49412
      22.967928
      84.220142
      61.779945
      126.48201
      72.000062
      41.776952
       187.9478
      85.309903
      99.846829
      93.730599
      164.66914
      143.81473
      52.975283
      87.816838
      35.470987
      54.421486
      24.884853
      104.73738
      89.769557
      101.69481
      62.407922
      100.74141
       52.51306
      78.706065
      207.32726
      118.98747
      130.20004
       114.3934
      58.838703
      118.38835
       28.00869
      105.84148
      107.65029
      88.218772
       115.4292
      77.556359
      113.43649
      77.662347
        45.9679
      18.727591
      66.894322
      70.892596
      78.735696
      165.08601
      100.28811
      108.24905
      153.92677
      92.068515
      62.355672
      106.52959
      53.748659
      37.902253
      111.12317
      152.67482
      32.232762
      146.96649
      148.57452
      121.49054
      43.722658
      102.91037
      117.07373
      68.331567
       55.31515
       70.56605
      126.02021
      104.19708
      119.30343
      112.65686
      73.070614
      25.667961
      47.599879
      108.32677
      124.89505
      118.52953
      53.080498
       61.75431
      73.361017
      72.996943
      111.01037
      73.411453
      215.95539
      48.771032
      104.40899
      153.49745
      88.126906
      90.454339
      150.36304
       63.84767
      65.639053
      57.351881
      84.896613
      83.995493
      64.819567
       53.84582
      94.234577
       133.3417
      107.84763
      143.91883
      41.865103
      119.10191
      62.489753
      45.892632
      88.589154
      93.626058
       25.49472
      183.19837
      177.86978
      57.190575
       79.30972
      44.040182
      72.101319
      62.868046
      56.781618
      85.840335
      117.92955
      80.221857
      124.47718
      91.299262
      57.633419
      82.670844
      37.508402
      31.952853
       60.56235
      36.990624
      55.367396
      101.56258
       83.47382
      69.019671
      69.937865
      109.43436
      67.768558
       54.49767
       27.83482
      59.588341
       125.1725
      88.394943
      111.82226
      41.951778
      44.665813
      142.98874
      131.18068
      121.31542
      163.99772
      107.22463
      100.20165
      35.853431
       65.87447
      107.05872
      79.533313
      100.78313
      38.454796
       40.74571
      70.796951
      90.084676
      100.55392
      32.608669
      70.903385
      87.935345
       155.6045
      49.556992
      80.904829
      95.377026
      40.681102
      132.28331
      54.352302
      58.243025
      52.979779
      136.32344
      75.530948
      65.810848
       38.47695
      144.48814
      29.416164
      80.586766
      72.835325
      234.68327
      81.320442
      111.24805
      62.972551
      206.52983
      103.19332
      94.045277
      38.193995
      91.796987
      100.47101
      39.699117
      105.47443
      24.116737
      57.385043
      112.32001
      131.90713
      49.884479
      106.16787
      62.314619
      87.654197
       16.00043
      92.912605
      96.785036
       107.1485
       69.29682
      23.061078
      51.229841
        100.934
      55.426662
      70.031287
      43.582362
      67.553708
      66.466396
      23.396077
      118.42953
      135.00398
      149.63801
      74.306058
      100.73299
      74.239956
       79.92572
      47.864085
      148.37883
      96.997321
       122.0103
      29.690603
      80.661152
       59.98741
      96.716269
      48.610175
      82.789171
      19.810651
      82.668864
      72.198112
      48.500711
      83.672141
      55.176322
      119.91138
      274.24353
      104.21495
       109.9763
      75.352466
      57.969472
      117.54009
      139.34209
      74.892499
      102.51853
      64.788537
       162.8299
      63.416355
      86.930202
      12.534294
      86.292671
      61.660508
      100.12687
      108.26093
      86.377529
      54.210337
      63.034016
      47.835079
      96.037905
      126.68387
      25.899271
      70.535515
      90.590481
      91.264604
      23.642582
      83.053794
      52.933597
      79.869102
      74.749314
      134.59342
      99.171194
       95.68531
      82.202796
      167.36672
      170.13561
      111.60805
      152.55662
      110.99888
      64.703439
      121.13663
      22.681588
      47.954193
      43.986593
      103.00222
       56.42731
      118.03445
       29.89764
      35.645935
       213.6547
      65.708897
      90.337837
      46.435529
      102.72861
      51.085069
      122.70562
      117.90142
      153.42016
      115.18973
      41.105992
      95.695774
      34.901257
      48.166874
      67.099094
      50.098509
      52.530977
      65.836709
      69.260942
      106.63473
      62.058777
      165.79744
      36.802634
      103.58381
      214.36845
      60.084027
      99.436953
      52.249945
      82.327339
      147.66195
      95.673397
      43.999747
      76.628607
      29.974555
      134.64774
      169.90124
      88.426066
      129.59582
      34.505477
      92.845737
      173.05621
      77.092368
      93.441921
      87.860137
      47.392158
      157.23698
      79.007487
      89.097502
      170.37136
      44.267735
      91.802743
      35.433693
      65.109905
      70.133716
      190.95767
      144.66137
      85.116035
      110.41926
      44.755892
      58.364735
      67.468621
      73.904378
      41.520921
      42.791642
      76.713618
      77.553793
      69.086756
      52.274293
      69.320213
      116.73378
      82.573832
      104.14743
      54.913522
      25.354205
      42.185233
      124.43231
      110.41005
      47.093004
      17.817036
      128.23563
      26.172221
      126.66214
       219.2108
      240.01687
      171.67281
      87.492194
      41.511885
      97.688619
      61.187657
      107.71999
      22.698001
      75.775735
      66.814936
      83.876307
      187.44591
      48.325368
      127.23711
      39.975784
      32.700613
      55.690319
       130.4735
      69.923618
      34.413367
      103.28919
      100.44142
       115.9235
      115.59523
      23.420281
      111.95263
      102.65352
      142.87097
      163.21281
      72.044455
      44.251582
      15.254271
      55.771304
      148.71582
      83.038424
      73.103979
      72.143695
      87.789639
      98.503514
      150.64263
      98.306464
      97.778363
      81.825962
      47.355746
      71.177118
      62.737775
      77.831207
      55.548741
      19.031056
      77.333968
      67.533214
      144.64102
      56.466255
      115.62749
      76.713378
      82.530446
      29.680879
      57.216128
      106.48968
       49.75041
      115.38395
      181.99452
      52.905597
       71.80506
      138.49424
      227.69743
      123.53825
       86.37209
      86.420986
       142.5253
      35.967244
      136.18657
      46.879935
      44.640936
      81.298001
       108.6572
      78.092986
      35.799508
       95.50806
      62.668575
      70.230136
      78.014346
      89.984427
      41.670589
      98.773143
      33.777698
      44.291547
      155.36026
      101.16835
       127.1558
      59.781218
      68.667101
      83.614906
      98.236056
      27.435468
      102.63593
      70.721229
      58.182944
      100.66813
      134.04101
      95.879433
      89.146077
      82.354606
       172.1533
      78.654115
       56.46006
       75.63523
      26.411559
      61.721846
      128.01655
      67.814188
      159.47565
      61.374995
      100.08524
      150.52967
      148.53587
      88.951241
      126.72542
       57.65523
      128.52552
      75.134479
      91.611637
      77.324484
      75.544445
      249.44725
      42.296333
      57.996106
      55.553347
      110.77478
      66.680089
      56.522544
      205.89811
      54.343784
      96.810976
       116.3821
      73.267349
      28.679506
       35.53279
      135.63702
      221.45733
      101.39296
      27.792239
      13.936752
      48.182217
      71.984306
      85.084221
      43.972424
      51.845123
      131.04255
      46.868717
      39.692437
      49.436184
      20.588561
      81.621072
        33.8167
      66.977422
      65.303809
      34.073872
      50.168293
      55.241505
      52.783835
      114.98221
      112.01233
      174.10675
      13.199661
      119.15532
      44.701606
      66.582334
       41.71387
      98.506682
      27.457076
      37.103535
       134.7865
      154.41259
      60.576169
      68.549485
      47.185687
      76.974639
      34.236175
      104.87236
      104.89622
      27.622513
      157.07219
      158.82101
      94.492277
      29.876814
      58.953091
      67.209674
      93.280659
      142.84073
      32.682835
      109.01358
      17.717183
      60.814222
      86.221337
      66.393124
      57.723677
      33.369933
      107.70275
       30.57884
      54.531609
       41.72973
      122.61175
      105.18929
      25.972725
      89.407028
      81.870055
      158.42443
      29.147196
      39.922527
      39.972828
      89.686798
        40.6201
       112.2214
      159.03481
      47.638436
      111.10848
      64.556435
      89.112987
       35.52703
      149.72526
      146.40054
      149.78422
      91.233746
       112.5177
      22.883878
      108.35849
      50.475904
      44.226786
      58.000903
      101.80256
      81.101681
      59.988769
      37.119023
      30.649009
      109.18641
      83.986936
      83.555533
       139.7556
      74.788715
      123.81873
      54.485133
      139.35341
      76.545099
      124.94817
      58.249074
      99.490961
      64.856793
       54.06231
      109.85737
      74.322306
      105.65881
      172.17294
      60.776869
      99.220318
      54.465811
      44.444702
      25.184063
      53.740748
      131.09353
      10.345707
      50.064316
      52.833108
      41.161928
      78.964422
      57.434692
      102.20513
      102.96636
      28.768819
      105.50053
      48.740964
      39.075409
      48.380705
      85.781171
      19.600207
       51.19885
      74.510421
      118.64093
      42.830327
      74.801339
      45.603492
      108.20176
      76.052882
      102.56593
      76.357024
      72.497901
      64.311031
      65.993702
      101.87031
      58.090429
      67.668008
      24.944168
      126.65839
      104.85319
      26.684164
      112.19665
      89.059898
       101.3644
      117.32278
      75.368386
      44.343465
      40.124392
      18.911092
      117.79302
       23.42763
      39.234259
      84.677689
      126.46016
      167.95951
      12.870308
       39.74247
      87.511596
      64.846589
      74.767294
      48.964217
      103.86534
      80.164432
      153.06737
      98.969173
      59.568772
      97.551934
      49.950609
      72.114825
      124.05569
      48.308595
       132.6599
      110.13477
      89.039299
      126.86559
      113.98762
      95.844309
      38.784477
      139.39242
      110.27057
      89.445679
      102.55855
      36.594215
      55.397497
      40.363541
      59.904911
      116.06455
      39.599135
      37.839253
      30.811433
      67.783157
      74.757022
      74.122871
      106.27823
      54.434057
      56.417619
      76.380545
      38.671387
      198.68453
      114.50753
        46.1568
      77.156056
      23.926384
      115.08677
      63.862134
      68.231895
      140.42782
      58.808928
       116.8914
      89.276942
      65.143898
       38.02677
      155.88604
      153.66972
      43.938946
      121.38713
      184.70203
      93.567472
      209.39216
      27.809546
       33.32369
       112.0913
      75.213432
      106.53596
      121.00272
      148.45261
      50.609989
      76.069542
       96.95929
      72.716962
      115.43065
      50.834893
      24.845914
      71.197932
      105.05998
      40.683827
      95.268289
      107.33724
      102.45686
      36.452606
      59.615301
      102.51064
      98.945176
      44.736518
      74.360976
      32.631531
      88.617377
      62.367742
      61.164778
      119.60853
       67.71144
      33.578676
       167.9271
      92.542814
      46.051599
      100.72346
      73.398307
      41.781754
      40.399954
      48.743315
      174.63697
       73.83205
       40.59105
      109.47127
      93.408857
      100.22113
      96.748057
      55.043167
      63.110205
      110.30993
      89.725535
      75.184537
       26.17619
      197.38851
      48.964878
      38.170585
      76.389615
      73.982855
      92.416108
      94.138144
      96.359819
      31.347897
      163.41082
      53.872677
      95.701862
