          0.001   0.0089501371   0.0089502117     -5.0791834
          0.002    0.017801269    0.017801417     -5.0791834
          0.003    0.026554381    0.026554603     -5.0791834
          0.004    0.035210449    0.035210742     -5.0791834
          0.005    0.043770438    0.043770802     -5.0791834
          0.006    0.052235304    0.052235739     -5.0791834
          0.007    0.060605993    0.060606498     -5.0791834
          0.008    0.068883443    0.068884017     -5.0791834
          0.009    0.077068581    0.077069223     -5.0791834
           0.01    0.085162326    0.085163036     -5.0791834
          0.011    0.093165588    0.093166364     -5.0791834
          0.012     0.10107927     0.10108011     -5.0791834
          0.013     0.10890425     0.10890516     -5.0791834
          0.014     0.11664143      0.1166424     -5.0791834
          0.015     0.12429167      0.1242927     -5.0791834
          0.016     0.13185584     0.13185694     -5.0791834
          0.017     0.13933479     0.13933596     -5.0791834
          0.018     0.14672938     0.14673061     -5.0791834
          0.019     0.15404044     0.15404173     -5.0791834
           0.02     0.16126881     0.16127015     -5.0791834
          0.021      0.1684153     0.16841671     -5.0791834
          0.022     0.17548074      0.1754822     -5.0791834
          0.023     0.18246592     0.18246744     -5.0791834
          0.024     0.18937165     0.18937323     -5.0791834
          0.025     0.19619872     0.19620035     -5.0791834
          0.026      0.2029479     0.20294959     -5.0791834
          0.027     0.20961998     0.20962173     -5.0791834
          0.028     0.21621573     0.21621753     -5.0791834
          0.029     0.22273589     0.22273775     -5.0791834
           0.03     0.22918123     0.22918314     -5.0791834
          0.031     0.23555249     0.23555445     -5.0791834
          0.032      0.2418504     0.24185242     -5.0791834
          0.033      0.2480757     0.24807776     -5.0791834
          0.034      0.2542291     0.25423122     -5.0791834
          0.035     0.26031133      0.2603135     -5.0791834
          0.036     0.26632309     0.26632531     -5.0791834
          0.037     0.27226508     0.27226735     -5.0791834
          0.038       0.278138     0.27814032     -5.0791834
          0.039     0.28394253      0.2839449     -5.0791834
           0.04     0.28967936     0.28968177     -5.0791834
          0.041     0.29534915     0.29535161     -5.0791834
          0.042     0.30095258     0.30095509     -5.0791834
          0.043      0.3064903     0.30649286     -5.0791834
          0.044     0.31196298     0.31196558     -5.0791834
          0.045     0.31737125     0.31737389     -5.0791834
          0.046     0.32271575     0.32271844     -5.0791834
          0.047     0.32799713     0.32799987     -5.0791834
          0.048     0.33321601     0.33321879     -5.0791834
          0.049     0.33837301     0.33837583     -5.0791834
           0.05     0.34346875     0.34347161     -5.0791834
          0.051     0.34850383     0.34850674     -5.0791834
          0.052     0.35347887     0.35348181     -5.0791834
          0.053     0.35839445     0.35839744     -5.0791834
          0.054     0.36325117      0.3632542     -5.0791834
          0.055     0.36804962     0.36805269     -5.0791834
          0.056     0.37279037     0.37279348     -5.0791834
          0.057       0.377474     0.37747715     -5.0791834
          0.058     0.38210108     0.38210427     -5.0791834
          0.059     0.38667217     0.38667539     -5.0791834
           0.06     0.39118783     0.39119109     -5.0791834
          0.061      0.3956486      0.3956519     -5.0791834
          0.062     0.40005504     0.40005838     -5.0791834
          0.063     0.40440769     0.40441106     -5.0791834
          0.064     0.40870708     0.40871048     -5.0791834
          0.065     0.41295373     0.41295717     -5.0791834
          0.066     0.41714819     0.41715166     -5.0791834
          0.067     0.42129095     0.42129446     -5.0791834
          0.068     0.42538255     0.42538609     -5.0791834
          0.069     0.42942348     0.42942706     -5.0791834
           0.07     0.43341426     0.43341787     -5.0791834
          0.071     0.43735538     0.43735903     -5.0791834
          0.072     0.44124734     0.44125101     -5.0791834
          0.073     0.44509062     0.44509432     -5.0791834
          0.074      0.4488857     0.44888944     -5.0791834
          0.075     0.45263308     0.45263685     -5.0791834
          0.076     0.45633322     0.45633702     -5.0791834
          0.077     0.45998659     0.45999043     -5.0791834
          0.078     0.46359367     0.46359753     -5.0791834
          0.079      0.4671549     0.46715879     -5.0791834
           0.08     0.47067075     0.47067467     -5.0791834
          0.081     0.47414166     0.47414561     -5.0791834
          0.082     0.47756809     0.47757207     -5.0791834
          0.083     0.48095047     0.48095448     -5.0791834
          0.084     0.48428925     0.48429329     -5.0791834
          0.085     0.48758486     0.48758893     -5.0791834
          0.086     0.49083773     0.49084182     -5.0791834
          0.087     0.49404828      0.4940524     -5.0791834
          0.088     0.49721694     0.49722108     -5.0791834
          0.089     0.50034412     0.50034829     -5.0791834
           0.09     0.50343023     0.50343443     -5.0791834
          0.091     0.50647569     0.50647991     -5.0791834
          0.092     0.50948089     0.50948514     -5.0791834
          0.093     0.51244624     0.51245051     -5.0791834
          0.094     0.51537214     0.51537643     -5.0791834
          0.095     0.51825897     0.51826329     -5.0791834
          0.096     0.52110713     0.52111147     -5.0791834
          0.097       0.523917     0.52392137     -5.0791834
          0.098     0.52668896     0.52669335     -5.0791834
          0.099     0.52942339      0.5294278     -5.0791834
            0.1     0.53212066      0.5321251     -5.0791834
          0.101     0.53478115     0.53478561     -5.0791834
          0.102     0.53740521     0.53740969     -5.0791834
          0.103     0.53999322     0.53999772     -5.0791834
          0.104     0.54254552     0.54255004     -5.0791834
          0.105     0.54506248     0.54506702     -5.0791834
          0.106     0.54754444       0.547549     -5.0791834
          0.107     0.54999176     0.54999634     -5.0791834
          0.108     0.55240477     0.55240938     -5.0791834
          0.109     0.55478383     0.55478845     -5.0791834
           0.11     0.55712927     0.55713391     -5.0791834
          0.111     0.55944142     0.55944608     -5.0791834
          0.112     0.56172061     0.56172529     -5.0791834
          0.113     0.56396717     0.56397187     -5.0791834
          0.114     0.56618144     0.56618615     -5.0791834
          0.115     0.56836372     0.56836845     -5.0791834
          0.116     0.57051433     0.57051909     -5.0791834
          0.117      0.5726336     0.57263837     -5.0791834
          0.118     0.57472183     0.57472662     -5.0791834
          0.119     0.57677933     0.57678414     -5.0791834
           0.12     0.57880641     0.57881124     -5.0791834
          0.121     0.58080337     0.58080821     -5.0791834
          0.122     0.58277052     0.58277537     -5.0791834
          0.123     0.58470813     0.58471301     -5.0791834
          0.124     0.58661652     0.58662141     -5.0791834
          0.125     0.58849597     0.58850088     -5.0791834
          0.126     0.59034677     0.59035169     -5.0791834
          0.127     0.59216921     0.59217414     -5.0791834
          0.128     0.59396356     0.59396851     -5.0791834
          0.129     0.59573011     0.59573507     -5.0791834
           0.13     0.59746913     0.59747411     -5.0791834
          0.131      0.5991809     0.59918589     -5.0791834
          0.132     0.60086568     0.60087069     -5.0791834
          0.133     0.60252376     0.60252878     -5.0791834
          0.134     0.60415538     0.60416042     -5.0791834
          0.135     0.60576082     0.60576587     -5.0791834
          0.136     0.60734034      0.6073454     -5.0791834
          0.137     0.60889419     0.60889926     -5.0791834
          0.138     0.61042263     0.61042771     -5.0791834
          0.139     0.61192591     0.61193101     -5.0791834
           0.14     0.61340428     0.61340939     -5.0791834
          0.141     0.61485799     0.61486312     -5.0791834
          0.142     0.61628729     0.61629243     -5.0791834
          0.143     0.61769242     0.61769757     -5.0791834
          0.144     0.61907362     0.61907878     -5.0791834
          0.145     0.62043112     0.62043629     -5.0791834
          0.146     0.62176517     0.62177035     -5.0791834
          0.147       0.623076     0.62308119     -5.0791834
          0.148     0.62436383     0.62436903     -5.0791834
          0.149      0.6256289     0.62563411     -5.0791834
           0.15     0.62687143     0.62687665     -5.0791834
          0.151     0.62809164     0.62809688     -5.0791834
          0.152     0.62928977     0.62929501     -5.0791834
          0.153     0.63046602     0.63047128     -5.0791834
          0.154     0.63162063     0.63162589     -5.0791834
          0.155     0.63275379     0.63275906     -5.0791834
          0.156     0.63386573     0.63387101     -5.0791834
          0.157     0.63495665     0.63496195     -5.0791834
          0.158     0.63602677     0.63603207     -5.0791834
          0.159      0.6370763     0.63708161     -5.0791834
           0.16     0.63810543     0.63811075     -5.0791834
          0.161     0.63911437      0.6391197     -5.0791834
          0.162     0.64010332     0.64010866     -5.0791834
          0.163     0.64107248     0.64107783     -5.0791834
          0.164     0.64202205      0.6420274     -5.0791834
          0.165     0.64295222     0.64295758     -5.0791834
          0.166     0.64386319     0.64386856     -5.0791834
          0.167     0.64475514     0.64476052     -5.0791834
          0.168     0.64562827     0.64563365     -5.0791834
          0.169     0.64648276     0.64648815     -5.0791834
           0.17      0.6473188     0.64732419     -5.0791834
          0.171     0.64813657     0.64814197     -5.0791834
          0.172     0.64893625     0.64894166     -5.0791834
          0.173     0.64971803     0.64972344     -5.0791834
          0.174     0.65048208      0.6504875     -5.0791834
          0.175     0.65122857       0.651234     -5.0791834
          0.176     0.65195769     0.65196313     -5.0791834
          0.177     0.65266961     0.65267505     -5.0791834
          0.178     0.65336449     0.65336993     -5.0791834
          0.179     0.65404251     0.65404796     -5.0791834
           0.18     0.65470383     0.65470928     -5.0791834
          0.181     0.65534862     0.65535408     -5.0791834
          0.182     0.65597705     0.65598251     -5.0791834
          0.183     0.65658927     0.65659474     -5.0791834
          0.184     0.65718545     0.65719093     -5.0791834
          0.185     0.65776575     0.65777123     -5.0791834
          0.186     0.65833033     0.65833581     -5.0791834
          0.187     0.65887934     0.65888483     -5.0791834
          0.188     0.65941293     0.65941843     -5.0791834
          0.189     0.65993127     0.65993677     -5.0791834
           0.19      0.6604345     0.66044001     -5.0791834
          0.191     0.66092278     0.66092828     -5.0791834
          0.192     0.66139624     0.66140175     -5.0791834
          0.193     0.66185505     0.66186056     -5.0791834
          0.194     0.66229934     0.66230486     -5.0791834
          0.195     0.66272926     0.66273478     -5.0791834
          0.196     0.66314495     0.66315048     -5.0791834
          0.197     0.66354656     0.66355209     -5.0791834
          0.198     0.66393422     0.66393975     -5.0791834
          0.199     0.66430807     0.66431361     -5.0791834
            0.2     0.66466826      0.6646738     -5.0791834
          0.201     0.66501491     0.66502045     -5.0791834
          0.202     0.66534816     0.66535371     -5.0791834
          0.203     0.66566815      0.6656737     -5.0791834
          0.204       0.665975     0.66598055     -5.0791834
          0.205     0.66626885      0.6662744     -5.0791834
          0.206     0.66654983     0.66655538     -5.0791834
          0.207     0.66681806     0.66682362     -5.0791834
          0.208     0.66707367     0.66707923     -5.0791834
          0.209     0.66731679     0.66732235     -5.0791834
           0.21     0.66754754     0.66755311     -5.0791834
          0.211     0.66776605     0.66777161     -5.0791834
          0.212     0.66797243       0.667978     -5.0791834
          0.213     0.66816681     0.66817238     -5.0791834
          0.214      0.6683493     0.66835487     -5.0791834
          0.215     0.66852003      0.6685256     -5.0791834
          0.216     0.66867911     0.66868469     -5.0791834
          0.217     0.66882666     0.66883223     -5.0791834
          0.218     0.66896279     0.66896837     -5.0791834
          0.219     0.66908762     0.66909319     -5.0791834
           0.22     0.66920125     0.66920683     -5.0791834
          0.221     0.66930381     0.66930938     -5.0791834
          0.222     0.66939539     0.66940097     -5.0791834
          0.223     0.66947612     0.66948169     -5.0791834
          0.224     0.66954609     0.66955167     -5.0791834
          0.225     0.66960541     0.66961099     -5.0791834
          0.226      0.6696542     0.66965978     -5.0791834
          0.227     0.66969254     0.66969813     -5.0791834
          0.228     0.66972056     0.66972614     -5.0791834
          0.229     0.66973835     0.66974393     -5.0791834
           0.23     0.66974602      0.6697516     -5.0791834
          0.231     0.66974365     0.66974924     -5.0791834
          0.232     0.66973137     0.66973695     -5.0791834
          0.233     0.66970925     0.66971483     -5.0791834
          0.234      0.6696774     0.66968299     -5.0791834
          0.235     0.66963593     0.66964151     -5.0791834
          0.236     0.66958491     0.66959049     -5.0791834
          0.237     0.66952445     0.66953003     -5.0791834
          0.238     0.66945465     0.66946023     -5.0791834
          0.239     0.66937559     0.66938117     -5.0791834
           0.24     0.66928737     0.66929294     -5.0791834
          0.241     0.66919007     0.66919565     -5.0791834
          0.242     0.66908379     0.66908937     -5.0791834
          0.243     0.66896862      0.6689742     -5.0791834
          0.244     0.66884465     0.66885023     -5.0791834
          0.245     0.66871196     0.66871754     -5.0791834
          0.246     0.66857065     0.66857622     -5.0791834
          0.247     0.66842078     0.66842635     -5.0791834
          0.248     0.66826246     0.66826803     -5.0791834
          0.249     0.66809577     0.66810134     -5.0791834
           0.25     0.66792079     0.66792635     -5.0791834
          0.251     0.66773759     0.66774316     -5.0791834
          0.252     0.66754627     0.66755183     -5.0791834
          0.253      0.6673469     0.66735247     -5.0791834
          0.254     0.66713957     0.66714513     -5.0791834
          0.255     0.66692435     0.66692991     -5.0791834
          0.256     0.66670133     0.66670688     -5.0791834
          0.257     0.66647057     0.66647612     -5.0791834
          0.258     0.66623216     0.66623771     -5.0791834
          0.259     0.66598617     0.66599172     -5.0791834
           0.26     0.66573268     0.66573823     -5.0791834
          0.261     0.66547176     0.66547731     -5.0791834
          0.262     0.66520349     0.66520903     -5.0791834
          0.263     0.66492794     0.66493348     -5.0791834
          0.264     0.66464518     0.66465072     -5.0791834
          0.265     0.66435528     0.66436082     -5.0791834
          0.266     0.66405832     0.66406385     -5.0791834
          0.267     0.66375437      0.6637599     -5.0791834
          0.268     0.66344348     0.66344901     -5.0791834
          0.269     0.66312575     0.66313127     -5.0791834
           0.27     0.66280122     0.66280675     -5.0791834
          0.271     0.66246998      0.6624755     -5.0791834
          0.272     0.66213208     0.66213759     -5.0791834
          0.273     0.66178759      0.6617931     -5.0791834
          0.274     0.66143658     0.66144209     -5.0791834
          0.275     0.66107911     0.66108462     -5.0791834
          0.276     0.66071526     0.66072076     -5.0791834
          0.277     0.66034507     0.66035057     -5.0791834
          0.278     0.65996861     0.65997411     -5.0791834
          0.279     0.65958596     0.65959145     -5.0791834
           0.28     0.65919716     0.65920265     -5.0791834
          0.281     0.65880227     0.65880776     -5.0791834
          0.282     0.65840137     0.65840686     -5.0791834
          0.283     0.65799451     0.65799999     -5.0791834
          0.284     0.65758175     0.65758723     -5.0791834
          0.285     0.65716314     0.65716862     -5.0791834
          0.286     0.65673875     0.65674422     -5.0791834
          0.287     0.65630863      0.6563141     -5.0791834
          0.288     0.65587285     0.65587831     -5.0791834
          0.289     0.65543145     0.65543691     -5.0791834
           0.29     0.65498449     0.65498995     -5.0791834
          0.291     0.65453203     0.65453748     -5.0791834
          0.292     0.65407412     0.65407957     -5.0791834
          0.293     0.65361082     0.65361626     -5.0791834
          0.294     0.65314218     0.65314762     -5.0791834
          0.295     0.65266825     0.65267369     -5.0791834
          0.296     0.65218909     0.65219452     -5.0791834
          0.297     0.65170474     0.65171017     -5.0791834
          0.298     0.65121527      0.6512207     -5.0791834
          0.299     0.65072072     0.65072614     -5.0791834
            0.3     0.65022113     0.65022655     -5.0791834
          0.301     0.64971657     0.64972199     -5.0791834
          0.302     0.64920708     0.64921249     -5.0791834
          0.303     0.64869271     0.64869812     -5.0791834
          0.304     0.64817351     0.64817891     -5.0791834
          0.305     0.64764953     0.64765492     -5.0791834
          0.306      0.6471208      0.6471262     -5.0791834
          0.307     0.64658739     0.64659278     -5.0791834
          0.308     0.64604934     0.64605473     -5.0791834
          0.309     0.64550669     0.64551207     -5.0791834
           0.31      0.6449595     0.64496487     -5.0791834
          0.311     0.64440779     0.64441316     -5.0791834
          0.312     0.64385163       0.643857     -5.0791834
          0.313     0.64329105     0.64329641     -5.0791834
          0.314      0.6427261     0.64273146     -5.0791834
          0.315     0.64215682     0.64216217     -5.0791834
          0.316     0.64158326     0.64158861     -5.0791834
          0.317     0.64100545     0.64101079     -5.0791834
          0.318     0.64042345     0.64042878     -5.0791834
          0.319     0.63983728     0.63984261     -5.0791834
           0.32       0.639247     0.63925232     -5.0791834
          0.321     0.63865264     0.63865796     -5.0791834
          0.322     0.63805424     0.63805956     -5.0791834
          0.323     0.63745185     0.63745717     -5.0791834
          0.324     0.63684551     0.63685081     -5.0791834
          0.325     0.63623525     0.63624055     -5.0791834
          0.326     0.63562111      0.6356264     -5.0791834
          0.327     0.63500313     0.63500842     -5.0791834
          0.328     0.63438135     0.63438663     -5.0791834
          0.329     0.63375581     0.63376109     -5.0791834
           0.33     0.63312654     0.63313181     -5.0791834
          0.331     0.63249358     0.63249885     -5.0791834
          0.332     0.63185698     0.63186224     -5.0791834
          0.333     0.63121675     0.63122201     -5.0791834
          0.334     0.63057295     0.63057821     -5.0791834
          0.335     0.62992561     0.62993085     -5.0791834
          0.336     0.62927475        0.62928     -5.0791834
          0.337     0.62862042     0.62862566     -5.0791834
          0.338     0.62796266     0.62796789     -5.0791834
          0.339     0.62730149     0.62730671     -5.0791834
           0.34     0.62663694     0.62664217     -5.0791834
          0.341     0.62596906     0.62597428     -5.0791834
          0.342     0.62529788     0.62530309     -5.0791834
          0.343     0.62462343     0.62462863     -5.0791834
          0.344     0.62394573     0.62395093     -5.0791834
          0.345     0.62326483     0.62327003     -5.0791834
          0.346     0.62258076     0.62258595     -5.0791834
          0.347     0.62189354     0.62189872     -5.0791834
          0.348     0.62120321     0.62120839     -5.0791834
          0.349      0.6205098     0.62051497     -5.0791834
           0.35     0.61981334     0.61981851     -5.0791834
          0.351     0.61911386     0.61911902     -5.0791834
          0.352     0.61841139     0.61841655     -5.0791834
          0.353     0.61770596     0.61771111     -5.0791834
          0.354      0.6169976     0.61700274     -5.0791834
          0.355     0.61628634     0.61629148     -5.0791834
          0.356     0.61557221     0.61557734     -5.0791834
          0.357     0.61485523     0.61486035     -5.0791834
          0.358     0.61413544     0.61414055     -5.0791834
          0.359     0.61341286     0.61341797     -5.0791834
           0.36     0.61268752     0.61269262     -5.0791834
          0.361     0.61195944     0.61196454     -5.0791834
          0.362     0.61122866     0.61123376     -5.0791834
          0.363     0.61049521      0.6105003     -5.0791834
          0.364      0.6097591     0.60976418     -5.0791834
          0.365     0.60902037     0.60902544     -5.0791834
          0.366     0.60827903      0.6082841     -5.0791834
          0.367     0.60753513     0.60754019     -5.0791834
          0.368     0.60678868     0.60679373     -5.0791834
          0.369      0.6060397     0.60604475     -5.0791834
           0.37     0.60528823     0.60529327     -5.0791834
          0.371     0.60453428     0.60453932     -5.0791834
          0.372     0.60377789     0.60378292     -5.0791834
          0.373     0.60301907      0.6030241     -5.0791834
          0.374     0.60225786     0.60226288     -5.0791834
          0.375     0.60149427     0.60149928     -5.0791834
          0.376     0.60072832     0.60073333     -5.0791834
          0.377     0.59996005     0.59996505     -5.0791834
          0.378     0.59918948     0.59919447     -5.0791834
          0.379     0.59841662      0.5984216     -5.0791834
           0.38      0.5976415     0.59764648     -5.0791834
          0.381     0.59686414     0.59686912     -5.0791834
          0.382     0.59608457     0.59608954     -5.0791834
          0.383     0.59530281     0.59530777     -5.0791834
          0.384     0.59451888     0.59452383     -5.0791834
          0.385     0.59373279     0.59373774     -5.0791834
          0.386     0.59294458     0.59294952     -5.0791834
          0.387     0.59215427      0.5921592     -5.0791834
          0.388     0.59136186     0.59136679     -5.0791834
          0.389     0.59056739     0.59057231     -5.0791834
           0.39     0.58977088     0.58977579     -5.0791834
          0.391     0.58897234     0.58897725     -5.0791834
          0.392      0.5881718      0.5881767     -5.0791834
          0.393     0.58736927     0.58737417     -5.0791834
          0.394     0.58656478     0.58656967     -5.0791834
          0.395     0.58575835     0.58576323     -5.0791834
          0.396     0.58494999     0.58495486     -5.0791834
          0.397     0.58413972     0.58414459     -5.0791834
          0.398     0.58332757     0.58333243     -5.0791834
          0.399     0.58251355      0.5825184     -5.0791834
            0.4     0.58169767     0.58170252     -5.0791834
          0.401     0.58087997     0.58088481     -5.0791834
          0.402     0.58006045     0.58006529     -5.0791834
          0.403     0.57923914     0.57924397     -5.0791834
          0.404     0.57841605     0.57842087     -5.0791834
          0.405      0.5775912     0.57759601     -5.0791834
          0.406     0.57676461     0.57676941     -5.0791834
          0.407     0.57593629     0.57594109     -5.0791834
          0.408     0.57510626     0.57511106     -5.0791834
          0.409     0.57427455     0.57427934     -5.0791834
           0.41     0.57344116     0.57344594     -5.0791834
          0.411     0.57260611     0.57261088     -5.0791834
          0.412     0.57176943     0.57177419     -5.0791834
          0.413     0.57093111     0.57093587     -5.0791834
          0.414     0.57009119     0.57009594     -5.0791834
          0.415     0.56924968     0.56925442     -5.0791834
          0.416     0.56840659     0.56841133     -5.0791834
          0.417     0.56756194     0.56756667     -5.0791834
          0.418     0.56671575     0.56672047     -5.0791834
          0.419     0.56586802     0.56587274     -5.0791834
           0.42     0.56501878     0.56502349     -5.0791834
          0.421     0.56416804     0.56417275     -5.0791834
          0.422     0.56331582     0.56332051     -5.0791834
          0.423     0.56246213     0.56246681     -5.0791834
          0.424     0.56160698     0.56161166     -5.0791834
          0.425     0.56075039     0.56075506     -5.0791834
          0.426     0.55989237     0.55989704     -5.0791834
          0.427     0.55903294      0.5590376     -5.0791834
          0.428     0.55817212     0.55817677     -5.0791834
          0.429     0.55730991     0.55731455     -5.0791834
           0.43     0.55644633     0.55645096     -5.0791834
          0.431     0.55558139     0.55558602     -5.0791834
          0.432     0.55471511     0.55471973     -5.0791834
          0.433      0.5538475     0.55385211     -5.0791834
          0.434     0.55297857     0.55298318     -5.0791834
          0.435     0.55210834     0.55211294     -5.0791834
          0.436     0.55123681     0.55124141     -5.0791834
          0.437     0.55036401      0.5503686     -5.0791834
          0.438     0.54948995     0.54949453     -5.0791834
          0.439     0.54861463      0.5486192     -5.0791834
           0.44     0.54773807     0.54774264     -5.0791834
          0.441     0.54686029     0.54686484     -5.0791834
          0.442     0.54598128     0.54598583     -5.0791834
          0.443     0.54510108     0.54510562     -5.0791834
          0.444     0.54421968     0.54422422     -5.0791834
          0.445     0.54333711     0.54334164     -5.0791834
          0.446     0.54245336     0.54245789     -5.0791834
          0.447     0.54156846     0.54157298     -5.0791834
          0.448     0.54068242     0.54068693     -5.0791834
          0.449     0.53979524     0.53979974     -5.0791834
           0.45     0.53890694     0.53891143     -5.0791834
          0.451     0.53801753     0.53802202     -5.0791834
          0.452     0.53712702      0.5371315     -5.0791834
          0.453     0.53623542     0.53623989     -5.0791834
          0.454     0.53534274     0.53534721     -5.0791834
          0.455       0.534449     0.53445345     -5.0791834
          0.456      0.5335542     0.53355864     -5.0791834
          0.457     0.53265835     0.53266279     -5.0791834
          0.458     0.53176147      0.5317659     -5.0791834
          0.459     0.53086356     0.53086798     -5.0791834
           0.46     0.52996463     0.52996905     -5.0791834
          0.461      0.5290647     0.52906911     -5.0791834
          0.462     0.52816378     0.52816818     -5.0791834
          0.463     0.52726187     0.52726626     -5.0791834
          0.464     0.52635898     0.52636337     -5.0791834
          0.465     0.52545513     0.52545951     -5.0791834
          0.466     0.52455032     0.52455469     -5.0791834
          0.467     0.52364457     0.52364893     -5.0791834
          0.468     0.52273788     0.52274223     -5.0791834
          0.469     0.52183026     0.52183461     -5.0791834
           0.47     0.52092172     0.52092606     -5.0791834
          0.471     0.52001227     0.52001661     -5.0791834
          0.472     0.51910192     0.51910625     -5.0791834
          0.473     0.51819068       0.518195     -5.0791834
          0.474     0.51727856     0.51728287     -5.0791834
          0.475     0.51636557     0.51636987     -5.0791834
          0.476     0.51545171       0.515456     -5.0791834
          0.477     0.51453699     0.51454128     -5.0791834
          0.478     0.51362142      0.5136257     -5.0791834
          0.479     0.51270502     0.51270929     -5.0791834
           0.48     0.51178778     0.51179204     -5.0791834
          0.481     0.51086972     0.51087398     -5.0791834
          0.482     0.50995085      0.5099551     -5.0791834
          0.483     0.50903116     0.50903541     -5.0791834
          0.484     0.50811069     0.50811492     -5.0791834
          0.485     0.50718941     0.50719364     -5.0791834
          0.486     0.50626736     0.50627158     -5.0791834
          0.487     0.50534453     0.50534874     -5.0791834
          0.488     0.50442094     0.50442514     -5.0791834
          0.489     0.50349658     0.50350078     -5.0791834
           0.49     0.50257147     0.50257566     -5.0791834
          0.491     0.50164562      0.5016498     -5.0791834
          0.492     0.50071903     0.50072321     -5.0791834
          0.493     0.49979171     0.49979588     -5.0791834
          0.494     0.49886367     0.49886783     -5.0791834
          0.495     0.49793491     0.49793906     -5.0791834
          0.496     0.49700545     0.49700959     -5.0791834
          0.497     0.49607528     0.49607942     -5.0791834
          0.498     0.49514442     0.49514855     -5.0791834
          0.499     0.49421287     0.49421699     -5.0791834
            0.5     0.49328064     0.49328475     -5.0791834
          0.501     0.49234774     0.49235184     -5.0791834
          0.502     0.49141417     0.49141826     -5.0791834
          0.503     0.49047994     0.49048403     -5.0791834
          0.504     0.48954505     0.48954913     -5.0791834
          0.505     0.48860952     0.48861359     -5.0791834
          0.506     0.48767335     0.48767741     -5.0791834
          0.507     0.48673654      0.4867406     -5.0791834
          0.508     0.48579911     0.48580315     -5.0791834
          0.509     0.48486105     0.48486509     -5.0791834
           0.51     0.48392237     0.48392641     -5.0791834
          0.511     0.48298309     0.48298712     -5.0791834
          0.512      0.4820432     0.48204722     -5.0791834
          0.513     0.48110272     0.48110673     -5.0791834
          0.514     0.48016164     0.48016565     -5.0791834
          0.515     0.47921998     0.47922398     -5.0791834
          0.516     0.47827774     0.47828173     -5.0791834
          0.517     0.47733493      0.4773389     -5.0791834
          0.518     0.47639154     0.47639551     -5.0791834
          0.519     0.47544759     0.47545156     -5.0791834
           0.52     0.47450309     0.47450704     -5.0791834
          0.521     0.47355803     0.47356198     -5.0791834
          0.522     0.47261243     0.47261637     -5.0791834
          0.523     0.47166629     0.47167022     -5.0791834
          0.524     0.47071961     0.47072353     -5.0791834
          0.525      0.4697724     0.46977632     -5.0791834
          0.526     0.46882467     0.46882858     -5.0791834
          0.527     0.46787642     0.46788032     -5.0791834
          0.528     0.46692765     0.46693154     -5.0791834
          0.529     0.46597837     0.46598226     -5.0791834
           0.53     0.46502859     0.46503247     -5.0791834
          0.531     0.46407831     0.46408218     -5.0791834
          0.532     0.46312754      0.4631314     -5.0791834
          0.533     0.46217628     0.46218013     -5.0791834
          0.534     0.46122453     0.46122837     -5.0791834
          0.535      0.4602723     0.46027614     -5.0791834
          0.536      0.4593196     0.45932343     -5.0791834
          0.537     0.45836643     0.45837025     -5.0791834
          0.538     0.45741279      0.4574166     -5.0791834
          0.539     0.45645869      0.4564625     -5.0791834
           0.54     0.45550414     0.45550794     -5.0791834
          0.541     0.45454913     0.45455292     -5.0791834
          0.542     0.45359368     0.45359746     -5.0791834
          0.543     0.45263778     0.45264156     -5.0791834
          0.544     0.45168145     0.45168521     -5.0791834
          0.545     0.45072468     0.45072844     -5.0791834
          0.546     0.44976748     0.44977123     -5.0791834
          0.547     0.44880986      0.4488136     -5.0791834
          0.548     0.44785182     0.44785555     -5.0791834
          0.549     0.44689336     0.44689708     -5.0791834
           0.55     0.44593448      0.4459382     -5.0791834
          0.551      0.4449752     0.44497891     -5.0791834
          0.552     0.44401551     0.44401921     -5.0791834
          0.553     0.44305542     0.44305912     -5.0791834
          0.554     0.44209494     0.44209862     -5.0791834
          0.555     0.44113406     0.44113774     -5.0791834
          0.556      0.4401728     0.44017647     -5.0791834
          0.557     0.43921115     0.43921481     -5.0791834
          0.558     0.43824912     0.43825277     -5.0791834
          0.559     0.43728671     0.43729035     -5.0791834
           0.56     0.43632392     0.43632756     -5.0791834
          0.561     0.43536077      0.4353644     -5.0791834
          0.562     0.43439725     0.43440087     -5.0791834
          0.563     0.43343337     0.43343698     -5.0791834
          0.564     0.43246913     0.43247274     -5.0791834
          0.565     0.43150454     0.43150813     -5.0791834
          0.566     0.43053959     0.43054318     -5.0791834
          0.567      0.4295743     0.42957788     -5.0791834
          0.568     0.42860866     0.42861223     -5.0791834
          0.569     0.42764268     0.42764624     -5.0791834
           0.57     0.42667636     0.42667991     -5.0791834
          0.571      0.4257097     0.42571325     -5.0791834
          0.572     0.42474272     0.42474626     -5.0791834
          0.573     0.42377541     0.42377894     -5.0791834
          0.574     0.42280777     0.42281129     -5.0791834
          0.575     0.42183981     0.42184332     -5.0791834
          0.576     0.42087153     0.42087504     -5.0791834
          0.577     0.41990294     0.41990644     -5.0791834
          0.578     0.41893403     0.41893753     -5.0791834
          0.579     0.41796482      0.4179683     -5.0791834
           0.58      0.4169953     0.41699878     -5.0791834
          0.581     0.41602548     0.41602895     -5.0791834
          0.582     0.41505536     0.41505882     -5.0791834
          0.583     0.41408494     0.41408839     -5.0791834
          0.584     0.41311423     0.41311767     -5.0791834
          0.585     0.41214323     0.41214666     -5.0791834
          0.586     0.41117193     0.41117536     -5.0791834
          0.587     0.41020036     0.41020378     -5.0791834
          0.588      0.4092285     0.40923191     -5.0791834
          0.589     0.40825636     0.40825976     -5.0791834
           0.59     0.40728395     0.40728734     -5.0791834
          0.591     0.40631126     0.40631464     -5.0791834
          0.592      0.4053383     0.40534168     -5.0791834
          0.593     0.40436507     0.40436844     -5.0791834
          0.594     0.40339158     0.40339494     -5.0791834
          0.595     0.40241782     0.40242117     -5.0791834
          0.596      0.4014438     0.40144715     -5.0791834
          0.597     0.40046953     0.40047286     -5.0791834
          0.598     0.39949499     0.39949832     -5.0791834
          0.599     0.39852021     0.39852353     -5.0791834
            0.6     0.39754517     0.39754849     -5.0791834
          0.601     0.39656989      0.3965732     -5.0791834
          0.602     0.39559436     0.39559766     -5.0791834
          0.603     0.39461859     0.39462188     -5.0791834
          0.604     0.39364258     0.39364586     -5.0791834
          0.605     0.39266633      0.3926696     -5.0791834
          0.606     0.39168985     0.39169311     -5.0791834
          0.607     0.39071313     0.39071638     -5.0791834
          0.608     0.38973618     0.38973943     -5.0791834
          0.609       0.388759     0.38876224     -5.0791834
           0.61     0.38778159     0.38778483     -5.0791834
          0.611     0.38680397     0.38680719     -5.0791834
          0.612     0.38582611     0.38582933     -5.0791834
          0.613     0.38484804     0.38485125     -5.0791834
          0.614     0.38386975     0.38387295     -5.0791834
          0.615     0.38289125     0.38289444     -5.0791834
          0.616     0.38191253     0.38191571     -5.0791834
          0.617      0.3809336     0.38093678     -5.0791834
          0.618     0.37995446     0.37995763     -5.0791834
          0.619     0.37897512     0.37897828     -5.0791834
           0.62     0.37799557     0.37799872     -5.0791834
          0.621     0.37701581     0.37701896     -5.0791834
          0.622     0.37603586     0.37603899     -5.0791834
          0.623     0.37505571     0.37505883     -5.0791834
          0.624     0.37407536     0.37407847     -5.0791834
          0.625     0.37309481     0.37309792     -5.0791834
          0.626     0.37211407     0.37211717     -5.0791834
          0.627     0.37113314     0.37113624     -5.0791834
          0.628     0.37015203     0.37015511     -5.0791834
          0.629     0.36917072      0.3691738     -5.0791834
           0.63     0.36818923      0.3681923     -5.0791834
          0.631     0.36720755     0.36721061     -5.0791834
          0.632      0.3662257     0.36622875     -5.0791834
          0.633     0.36524366      0.3652467     -5.0791834
          0.634     0.36426145     0.36426448     -5.0791834
          0.635     0.36327905     0.36328208     -5.0791834
          0.636     0.36229649     0.36229951     -5.0791834
          0.637     0.36131375     0.36131676     -5.0791834
          0.638     0.36033084     0.36033384     -5.0791834
          0.639     0.35934776     0.35935075     -5.0791834
           0.64     0.35836451      0.3583675     -5.0791834
          0.641      0.3573811     0.35738408     -5.0791834
          0.642     0.35639752     0.35640049     -5.0791834
          0.643     0.35541378     0.35541674     -5.0791834
          0.644     0.35442988     0.35443283     -5.0791834
          0.645     0.35344582     0.35344876     -5.0791834
          0.646      0.3524616     0.35246453     -5.0791834
          0.647     0.35147722     0.35148015     -5.0791834
          0.648     0.35049269     0.35049561     -5.0791834
          0.649       0.349508     0.34951092     -5.0791834
           0.65     0.34852317     0.34852607     -5.0791834
          0.651     0.34753818     0.34754108     -5.0791834
          0.652     0.34655304     0.34655593     -5.0791834
          0.653     0.34556776     0.34557064     -5.0791834
          0.654     0.34458233      0.3445852     -5.0791834
          0.655     0.34359676     0.34359962     -5.0791834
          0.656     0.34261104      0.3426139     -5.0791834
          0.657     0.34162518     0.34162803     -5.0791834
          0.658     0.34063919     0.34064202     -5.0791834
          0.659     0.33965305     0.33965588     -5.0791834
           0.66     0.33866677      0.3386696     -5.0791834
          0.661     0.33768036     0.33768318     -5.0791834
          0.662     0.33669382     0.33669662     -5.0791834
          0.663     0.33570714     0.33570994     -5.0791834
          0.664     0.33472033     0.33472312     -5.0791834
          0.665     0.33373339     0.33373617     -5.0791834
          0.666     0.33274632     0.33274909     -5.0791834
          0.667     0.33175912     0.33176188     -5.0791834
          0.668     0.33077179     0.33077455     -5.0791834
          0.669     0.32978434     0.32978709     -5.0791834
           0.67     0.32879677     0.32879951     -5.0791834
          0.671     0.32780907      0.3278118     -5.0791834
          0.672     0.32682125     0.32682397     -5.0791834
          0.673     0.32583331     0.32583602     -5.0791834
          0.674     0.32484525     0.32484795     -5.0791834
          0.675     0.32385707     0.32385977     -5.0791834
          0.676     0.32286877     0.32287146     -5.0791834
          0.677     0.32188036     0.32188304     -5.0791834
          0.678     0.32089183     0.32089451     -5.0791834
          0.679     0.31990319     0.31990586     -5.0791834
           0.68     0.31891444      0.3189171     -5.0791834
          0.681     0.31792558     0.31792822     -5.0791834
          0.682      0.3169366     0.31693924     -5.0791834
          0.683     0.31594752     0.31595015     -5.0791834
          0.684     0.31495833     0.31496095     -5.0791834
          0.685     0.31396903     0.31397164     -5.0791834
          0.686     0.31297962     0.31298223     -5.0791834
          0.687     0.31199011     0.31199271     -5.0791834
          0.688      0.3110005     0.31100309     -5.0791834
          0.689     0.31001078     0.31001337     -5.0791834
           0.69     0.30902097     0.30902354     -5.0791834
          0.691     0.30803105     0.30803361     -5.0791834
          0.692     0.30704103     0.30704359     -5.0791834
          0.693     0.30605091     0.30605346     -5.0791834
          0.694      0.3050607     0.30506324     -5.0791834
          0.695     0.30407038     0.30407292     -5.0791834
          0.696     0.30307998      0.3030825     -5.0791834
          0.697     0.30208947     0.30209199     -5.0791834
          0.698     0.30109888     0.30110139     -5.0791834
          0.699     0.30010819     0.30011069     -5.0791834
            0.7     0.29911741      0.2991199     -5.0791834
          0.701     0.29812653     0.29812902     -5.0791834
          0.702     0.29713557     0.29713805     -5.0791834
          0.703     0.29614452     0.29614698     -5.0791834
          0.704     0.29515338     0.29515583     -5.0791834
          0.705     0.29416215      0.2941646     -5.0791834
          0.706     0.29317083     0.29317327     -5.0791834
          0.707     0.29217943     0.29218186     -5.0791834
          0.708     0.29118794     0.29119037     -5.0791834
          0.709     0.29019637     0.29019879     -5.0791834
           0.71     0.28920472     0.28920713     -5.0791834
          0.711     0.28821298     0.28821538     -5.0791834
          0.712     0.28722116     0.28722356     -5.0791834
          0.713     0.28622927     0.28623165     -5.0791834
          0.714     0.28523729     0.28523966     -5.0791834
          0.715     0.28424523      0.2842476     -5.0791834
          0.716     0.28325309     0.28325545     -5.0791834
          0.717     0.28226088     0.28226323     -5.0791834
          0.718     0.28126859     0.28127093     -5.0791834
          0.719     0.28027622     0.28027855     -5.0791834
           0.72     0.27928377      0.2792861     -5.0791834
          0.721     0.27829126     0.27829358     -5.0791834
          0.722     0.27729867     0.27730098     -5.0791834
          0.723       0.276306      0.2763083     -5.0791834
          0.724     0.27531326     0.27531556     -5.0791834
          0.725     0.27432045     0.27432274     -5.0791834
          0.726     0.27332757     0.27332985     -5.0791834
          0.727     0.27233462     0.27233689     -5.0791834
          0.728      0.2713416     0.27134387     -5.0791834
          0.729     0.27034852     0.27035077     -5.0791834
           0.73     0.26935536      0.2693576     -5.0791834
          0.731     0.26836213     0.26836437     -5.0791834
          0.732     0.26736884     0.26737107     -5.0791834
          0.733     0.26637548      0.2663777     -5.0791834
          0.734     0.26538206     0.26538427     -5.0791834
          0.735     0.26438857     0.26439078     -5.0791834
          0.736     0.26339502     0.26339722     -5.0791834
          0.737      0.2624014     0.26240359     -5.0791834
          0.738     0.26140773      0.2614099     -5.0791834
          0.739     0.26041398     0.26041615     -5.0791834
           0.74     0.25942018     0.25942234     -5.0791834
          0.741     0.25842632     0.25842847     -5.0791834
          0.742     0.25743239     0.25743454     -5.0791834
          0.743     0.25643841     0.25644054     -5.0791834
          0.744     0.25544436     0.25544649     -5.0791834
          0.745     0.25445026     0.25445238     -5.0791834
          0.746      0.2534561     0.25345821     -5.0791834
          0.747     0.25246188     0.25246399     -5.0791834
          0.748     0.25146761      0.2514697     -5.0791834
          0.749     0.25047327     0.25047536     -5.0791834
           0.75     0.24947889     0.24948097     -5.0791834
          0.751     0.24848444     0.24848651     -5.0791834
          0.752     0.24748995     0.24749201     -5.0791834
          0.753     0.24649539     0.24649745     -5.0791834
          0.754     0.24550079     0.24550283     -5.0791834
          0.755     0.24450613     0.24450817     -5.0791834
          0.756     0.24351142     0.24351345     -5.0791834
          0.757     0.24251665     0.24251868     -5.0791834
          0.758     0.24152184     0.24152385     -5.0791834
          0.759     0.24052697     0.24052898     -5.0791834
           0.76     0.23953206     0.23953405     -5.0791834
          0.761     0.23853709     0.23853908     -5.0791834
          0.762     0.23754207     0.23754405     -5.0791834
          0.763     0.23654701     0.23654898     -5.0791834
          0.764     0.23555189     0.23555386     -5.0791834
          0.765     0.23455673     0.23455869     -5.0791834
          0.766     0.23356152     0.23356347     -5.0791834
          0.767     0.23256627      0.2325682     -5.0791834
          0.768     0.23157096     0.23157289     -5.0791834
          0.769     0.23057561     0.23057753     -5.0791834
           0.77     0.22958022     0.22958213     -5.0791834
          0.771     0.22858478     0.22858668     -5.0791834
          0.772     0.22758929     0.22759119     -5.0791834
          0.773     0.22659376     0.22659565     -5.0791834
          0.774     0.22559819     0.22560007     -5.0791834
          0.775     0.22460257     0.22460444     -5.0791834
          0.776     0.22360691     0.22360877     -5.0791834
          0.777     0.22261121     0.22261306     -5.0791834
          0.778     0.22161546     0.22161731     -5.0791834
          0.779     0.22061968     0.22062151     -5.0791834
           0.78     0.21962385     0.21962568     -5.0791834
          0.781     0.21862798      0.2186298     -5.0791834
          0.782     0.21763207     0.21763388     -5.0791834
          0.783     0.21663612     0.21663792     -5.0791834
          0.784     0.21564013     0.21564192     -5.0791834
          0.785      0.2146441     0.21464589     -5.0791834
          0.786     0.21364803     0.21364981     -5.0791834
          0.787     0.21265192      0.2126537     -5.0791834
          0.788     0.21165578     0.21165754     -5.0791834
          0.789      0.2106596     0.21066135     -5.0791834
           0.79     0.20966338     0.20966512     -5.0791834
          0.791     0.20866712     0.20866886     -5.0791834
          0.792     0.20767082     0.20767255     -5.0791834
          0.793     0.20667449     0.20667622     -5.0791834
          0.794     0.20567813     0.20567984     -5.0791834
          0.795     0.20468173     0.20468343     -5.0791834
          0.796     0.20368529     0.20368699     -5.0791834
          0.797     0.20268882      0.2026905     -5.0791834
          0.798     0.20169231     0.20169399     -5.0791834
          0.799     0.20069577     0.20069744     -5.0791834
            0.8     0.19969919     0.19970086     -5.0791834
          0.801     0.19870258     0.19870424     -5.0791834
          0.802     0.19770594     0.19770759     -5.0791834
          0.803     0.19670927     0.19671091     -5.0791834
          0.804     0.19571256     0.19571419     -5.0791834
          0.805     0.19471582     0.19471745     -5.0791834
          0.806     0.19371905     0.19372067     -5.0791834
          0.807     0.19272225     0.19272385     -5.0791834
          0.808     0.19172541     0.19172701     -5.0791834
          0.809     0.19072855     0.19073014     -5.0791834
           0.81     0.18973165     0.18973323     -5.0791834
          0.811     0.18873473      0.1887363     -5.0791834
          0.812     0.18773777     0.18773934     -5.0791834
          0.813     0.18674079     0.18674234     -5.0791834
          0.814     0.18574377     0.18574532     -5.0791834
          0.815     0.18474673     0.18474827     -5.0791834
          0.816     0.18374965     0.18375118     -5.0791834
          0.817     0.18275255     0.18275407     -5.0791834
          0.818     0.18175542     0.18175694     -5.0791834
          0.819     0.18075826     0.18075977     -5.0791834
           0.82     0.17976108     0.17976257     -5.0791834
          0.821     0.17876386     0.17876535     -5.0791834
          0.822     0.17776662      0.1777681     -5.0791834
          0.823     0.17676935     0.17677083     -5.0791834
          0.824     0.17577206     0.17577353     -5.0791834
          0.825     0.17477474      0.1747762     -5.0791834
          0.826     0.17377739     0.17377884     -5.0791834
          0.827     0.17278002     0.17278146     -5.0791834
          0.828     0.17178262     0.17178405     -5.0791834
          0.829      0.1707852     0.17078662     -5.0791834
           0.83     0.16978775     0.16978917     -5.0791834
          0.831     0.16879028     0.16879168     -5.0791834
          0.832     0.16779278     0.16779418     -5.0791834
          0.833     0.16679526     0.16679665     -5.0791834
          0.834     0.16579771     0.16579909     -5.0791834
          0.835     0.16480014     0.16480151     -5.0791834
          0.836     0.16380254     0.16380391     -5.0791834
          0.837     0.16280493     0.16280628     -5.0791834
          0.838     0.16180729     0.16180864     -5.0791834
          0.839     0.16080962     0.16081096     -5.0791834
           0.84     0.15981194     0.15981327     -5.0791834
          0.841     0.15881423     0.15881555     -5.0791834
          0.842      0.1578165     0.15781781     -5.0791834
          0.843     0.15681874     0.15682005     -5.0791834
          0.844     0.15582097     0.15582227     -5.0791834
          0.845     0.15482317     0.15482446     -5.0791834
          0.846     0.15382535     0.15382664     -5.0791834
          0.847     0.15282752     0.15282879     -5.0791834
          0.848     0.15182966     0.15183092     -5.0791834
          0.849     0.15083177     0.15083303     -5.0791834
           0.85     0.14983387     0.14983512     -5.0791834
          0.851     0.14883595     0.14883719     -5.0791834
          0.852     0.14783801     0.14783924     -5.0791834
          0.853     0.14684005     0.14684127     -5.0791834
          0.854     0.14584207     0.14584328     -5.0791834
          0.855     0.14484406     0.14484527     -5.0791834
          0.856     0.14384604     0.14384724     -5.0791834
          0.857       0.142848      0.1428492     -5.0791834
          0.858     0.14184995     0.14185113     -5.0791834
          0.859     0.14085187     0.14085304     -5.0791834
           0.86     0.13985377     0.13985494     -5.0791834
          0.861     0.13885566     0.13885682     -5.0791834
          0.862     0.13785753     0.13785867     -5.0791834
          0.863     0.13685937     0.13686052     -5.0791834
          0.864     0.13586121     0.13586234     -5.0791834
          0.865     0.13486302     0.13486414     -5.0791834
          0.866     0.13386482     0.13386593     -5.0791834
          0.867      0.1328666      0.1328677     -5.0791834
          0.868     0.13186836     0.13186946     -5.0791834
          0.869      0.1308701     0.13087119     -5.0791834
           0.87     0.12987183     0.12987291     -5.0791834
          0.871     0.12887354     0.12887462     -5.0791834
          0.872     0.12787524      0.1278763     -5.0791834
          0.873     0.12687691     0.12687797     -5.0791834
          0.874     0.12587858     0.12587963     -5.0791834
          0.875     0.12488022     0.12488126     -5.0791834
          0.876     0.12388185     0.12388289     -5.0791834
          0.877     0.12288347     0.12288449     -5.0791834
          0.878     0.12188507     0.12188608     -5.0791834
          0.879     0.12088665     0.12088766     -5.0791834
           0.88     0.11988822     0.11988922     -5.0791834
          0.881     0.11888977     0.11889076     -5.0791834
          0.882     0.11789131     0.11789229     -5.0791834
          0.883     0.11689284     0.11689381     -5.0791834
          0.884     0.11589435     0.11589531     -5.0791834
          0.885     0.11489584      0.1148968     -5.0791834
          0.886     0.11389732     0.11389827     -5.0791834
          0.887     0.11289879     0.11289973     -5.0791834
          0.888     0.11190024     0.11190117     -5.0791834
          0.889     0.11090168      0.1109026     -5.0791834
           0.89      0.1099031     0.10990402     -5.0791834
          0.891     0.10890451     0.10890542     -5.0791834
          0.892     0.10790591     0.10790681     -5.0791834
          0.893     0.10690729     0.10690818     -5.0791834
          0.894     0.10590866     0.10590955     -5.0791834
          0.895     0.10491002      0.1049109     -5.0791834
          0.896     0.10391137     0.10391223     -5.0791834
          0.897      0.1029127     0.10291356     -5.0791834
          0.898     0.10191402     0.10191487     -5.0791834
          0.899     0.10091532     0.10091616     -5.0791834
            0.9    0.099916617     0.09991745     -5.0791834
          0.901    0.098917899    0.098918723     -5.0791834
          0.902    0.097919169    0.097919985     -5.0791834
          0.903    0.096920426    0.096921234     -5.0791834
          0.904    0.095921671    0.095922471     -5.0791834
          0.905    0.094922905    0.094923696     -5.0791834
          0.906    0.093924127    0.093924909     -5.0791834
          0.907    0.092925337    0.092926111     -5.0791834
          0.908    0.091926535    0.091927302     -5.0791834
          0.909    0.090927723     0.09092848     -5.0791834
           0.91    0.089928899    0.089929648     -5.0791834
          0.911    0.088930064    0.088930805     -5.0791834
          0.912    0.087931217     0.08793195     -5.0791834
          0.913     0.08693236    0.086933085     -5.0791834
          0.914    0.085933492    0.085934208     -5.0791834
          0.915    0.084934613    0.084935321     -5.0791834
          0.916    0.083935724    0.083936423     -5.0791834
          0.917    0.082936824    0.082937515     -5.0791834
          0.918    0.081937914    0.081938597     -5.0791834
          0.919    0.080938993    0.080939668     -5.0791834
           0.92    0.079940062    0.079940729     -5.0791834
          0.921    0.078941121    0.078941779     -5.0791834
          0.922    0.077942171     0.07794282     -5.0791834
          0.923     0.07694321    0.076943851     -5.0791834
          0.924    0.075944239    0.075944872     -5.0791834
          0.925    0.074945259    0.074945883     -5.0791834
          0.926    0.073946269    0.073946885     -5.0791834
          0.927    0.072947269    0.072947877     -5.0791834
          0.928     0.07194826     0.07194886     -5.0791834
          0.929    0.070949242    0.070949833     -5.0791834
           0.93    0.069950215    0.069950798     -5.0791834
          0.931    0.068951178    0.068951753     -5.0791834
          0.932    0.067952133    0.067952699     -5.0791834
          0.933    0.066953078    0.066953636     -5.0791834
          0.934    0.065954014    0.065954564     -5.0791834
          0.935    0.064954942    0.064955484     -5.0791834
          0.936    0.063955861    0.063956394     -5.0791834
          0.937    0.062956772    0.062957296     -5.0791834
          0.938    0.061957674     0.06195819     -5.0791834
          0.939    0.060958567    0.060959075     -5.0791834
           0.94    0.059959452    0.059959952     -5.0791834
          0.941    0.058960329     0.05896082     -5.0791834
          0.942    0.057961198    0.057961681     -5.0791834
          0.943    0.056962058    0.056962533     -5.0791834
          0.944    0.055962911    0.055963377     -5.0791834
          0.945    0.054963755    0.054964213     -5.0791834
          0.946    0.053964592    0.053965042     -5.0791834
          0.947    0.052965421    0.052965862     -5.0791834
          0.948    0.051966242    0.051966675     -5.0791834
          0.949    0.050967056     0.05096748     -5.0791834
           0.95    0.049967862    0.049968278     -5.0791834
          0.951     0.04896866    0.048969068     -5.0791834
          0.952    0.047969451    0.047969851     -5.0791834
          0.953    0.046970235    0.046970627     -5.0791834
          0.954    0.045971012    0.045971395     -5.0791834
          0.955    0.044971781    0.044972156     -5.0791834
          0.956    0.043972543     0.04397291     -5.0791834
          0.957    0.042973298    0.042973656     -5.0791834
          0.958    0.041974046    0.041974396     -5.0791834
          0.959    0.040974788    0.040975129     -5.0791834
           0.96    0.039975522    0.039975855     -5.0791834
          0.961     0.03897625    0.038976575     -5.0791834
          0.962    0.037976971    0.037977287     -5.0791834
          0.963    0.036977685    0.036977993     -5.0791834
          0.964    0.035978393    0.035978692     -5.0791834
          0.965    0.034979094    0.034979385     -5.0791834
          0.966    0.033979789    0.033980072     -5.0791834
          0.967    0.032980477    0.032980752     -5.0791834
          0.968    0.031981159    0.031981426     -5.0791834
          0.969    0.030981835    0.030982093     -5.0791834
           0.97    0.029982505    0.029982754     -5.0791834
          0.971    0.028983168     0.02898341     -5.0791834
          0.972    0.027983826    0.027984059     -5.0791834
          0.973    0.026984477    0.026984702     -5.0791834
          0.974    0.025985122    0.025985339     -5.0791834
          0.975    0.024985762     0.02498597     -5.0791834
          0.976    0.023986396    0.023986596     -5.0791834
          0.977    0.022987024    0.022987215     -5.0791834
          0.978    0.021987646    0.021987829     -5.0791834
          0.979    0.020988263    0.020988438     -5.0791834
           0.98    0.019988874     0.01998904     -5.0791834
          0.981    0.018989479    0.018989637     -5.0791834
          0.982    0.017990079    0.017990229     -5.0791834
          0.983    0.016990674    0.016990815     -5.0791834
          0.984    0.015991263    0.015991396     -5.0791834
          0.985    0.014991847    0.014991972     -5.0791834
          0.986    0.013992425    0.013992542     -5.0791834
          0.987    0.012992999    0.012993107     -5.0791834
          0.988    0.011993567    0.011993667     -5.0791834
          0.989     0.01099413    0.010994222     -5.0791834
           0.99    0.009994688   0.0099947712     -5.0791834
          0.991   0.0089952409   0.0089953159     -5.0791834
          0.992   0.0079957889   0.0079958556     -5.0791834
          0.993    0.006996332   0.0069963903     -5.0791834
          0.994   0.0059968703   0.0059969202     -5.0791834
          0.995   0.0049974037   0.0049974453     -5.0791834
          0.996   0.0039979323   0.0039979656     -5.0791834
          0.997   0.0029984562   0.0029984812     -5.0791834
          0.998   0.0019989754   0.0019989921     -5.0791834
          0.999  0.00099948999  0.00099949832     -5.0791834
