           0.01    0.085092102    0.085163036     -3.0793984
           0.02     0.16113583     0.16127015     -3.0793984
           0.03     0.22899225     0.22918314     -3.0793984
           0.04     0.28944049     0.28968177     -3.0793984
           0.05     0.34318553     0.34347161     -3.0793984
           0.06     0.39086526     0.39119109     -3.0793984
           0.07     0.43305687     0.43341787     -3.0793984
           0.08     0.47028264     0.47067467     -3.0793984
           0.09     0.50301511     0.50343443     -3.0793984
            0.1     0.53168188      0.5321251     -3.0793984
           0.11     0.55666986     0.55713391     -3.0793984
           0.12     0.57832913     0.57881124     -3.0793984
           0.13     0.59697646     0.59747411     -3.0793984
           0.14     0.61289847     0.61340939     -3.0793984
           0.15     0.62635451     0.62687665     -3.0793984
           0.16     0.63757925     0.63811075     -3.0793984
           0.17     0.64678503     0.64732419     -3.0793984
           0.18     0.65416397     0.65470928     -3.0793984
           0.19     0.65988992     0.66044001     -3.0793984
            0.2     0.66412018      0.6646738     -3.0793984
           0.21     0.66699709     0.66755311     -3.0793984
           0.22     0.66864944     0.66920683     -3.0793984
           0.23     0.66919375      0.6697516     -3.0793984
           0.24     0.66873548     0.66929294     -3.0793984
           0.25     0.66737002     0.66792635     -3.0793984
           0.26     0.66518372     0.66573823     -3.0793984
           0.27     0.66225468     0.66280675     -3.0793984
           0.28     0.65865359     0.65920265     -3.0793984
           0.29     0.65444439     0.65498995     -3.0793984
            0.3     0.64968497     0.65022655     -3.0793984
           0.31     0.64442767     0.64496487     -3.0793984
           0.32     0.63871988     0.63925232     -3.0793984
           0.33     0.63260447     0.63313181     -3.0793984
           0.34     0.62612023     0.62664217     -3.0793984
           0.35     0.61930225     0.61981851     -3.0793984
           0.36      0.6121823     0.61269262     -3.0793984
           0.37     0.60478911     0.60529327     -3.0793984
           0.38     0.59714869     0.59764648     -3.0793984
           0.39     0.58928456     0.58977579     -3.0793984
            0.4     0.58121801     0.58170252     -3.0793984
           0.41     0.57296831     0.57344594     -3.0793984
           0.42     0.56455287     0.56502349     -3.0793984
           0.43     0.55598749     0.55645096     -3.0793984
           0.44     0.54728641     0.54774264     -3.0793984
           0.45     0.53846257     0.53891143     -3.0793984
           0.46     0.52952763     0.52996905     -3.0793984
           0.47     0.52049217     0.52092606     -3.0793984
           0.48     0.51136576     0.51179204     -3.0793984
           0.49     0.50215706     0.50257566     -3.0793984
            0.5     0.49287389     0.49328475     -3.0793984
           0.51     0.48352334     0.48392641     -3.0793984
           0.52     0.47411182     0.47450704     -3.0793984
           0.53     0.46464513     0.46503247     -3.0793984
           0.54     0.45512853     0.45550794     -3.0793984
           0.55     0.44556677      0.4459382     -3.0793984
           0.56     0.43596414     0.43632756     -3.0793984
           0.57     0.42632452     0.42667991     -3.0793984
           0.58     0.41665145     0.41699878     -3.0793984
           0.59      0.4069481     0.40728734     -3.0793984
            0.6     0.39721736     0.39754849     -3.0793984
           0.61     0.38746183     0.38778483     -3.0793984
           0.62     0.37768388     0.37799872     -3.0793984
           0.63     0.36788562      0.3681923     -3.0793984
           0.64     0.35806901      0.3583675     -3.0793984
           0.65     0.34823578     0.34852607     -3.0793984
           0.66     0.33838751      0.3386696     -3.0793984
           0.67     0.32852564     0.32879951     -3.0793984
           0.68     0.31865147      0.3189171     -3.0793984
           0.69     0.30876615     0.30902354     -3.0793984
            0.7     0.29887076      0.2991199     -3.0793984
           0.71     0.28896624     0.28920713     -3.0793984
           0.72     0.27905348      0.2792861     -3.0793984
           0.73     0.26913325      0.2693576     -3.0793984
           0.74     0.25920627     0.25942234     -3.0793984
           0.75     0.24927317     0.24948097     -3.0793984
           0.76     0.23933454     0.23953405     -3.0793984
           0.77     0.22939091     0.22958213     -3.0793984
           0.78     0.21944275     0.21962568     -3.0793984
           0.79     0.20949049     0.20966512     -3.0793984
            0.8     0.19953452     0.19970086     -3.0793984
           0.81      0.1895752     0.18973323     -3.0793984
           0.82     0.17961285     0.17976257     -3.0793984
           0.83     0.16964774     0.16978917     -3.0793984
           0.84     0.15968016     0.15981327     -3.0793984
           0.85     0.14971032     0.14983512     -3.0793984
           0.86     0.13973845     0.13985494     -3.0793984
           0.87     0.12976474     0.12987291     -3.0793984
           0.88     0.11978936     0.11988922     -3.0793984
           0.89     0.10981248     0.10990402     -3.0793984
            0.9    0.099834227     0.09991745     -3.0793984
           0.91    0.089854744    0.089929648     -3.0793984
           0.92    0.079874145    0.079940729     -3.0793984
           0.93    0.069892535    0.069950798     -3.0793984
           0.94     0.05991001    0.059959952     -3.0793984
           0.95    0.049926659    0.049968278     -3.0793984
           0.96    0.039942559    0.039975855     -3.0793984
           0.97    0.029957781    0.029982754     -3.0793984
           0.98    0.019972391     0.01998904     -3.0793984
           0.99   0.0099864464   0.0099947712     -3.0793984
